2.000000000000000111e-01 -1.060000000000000053e+00
1.601474805833616177e-01 -1.060000000000000053e+00
1.423320818170133728e-01 -8.319828800935277213e-01
1.179765815639843424e-01 -1.088755935751646753e+00
1.027544502883865896e-01 -1.056048685612903437e+00
9.276463910844322258e-02 -1.102195709234938814e+00
8.372823071093515868e-02 -1.103790384527883583e+00
7.675715972634737649e-02 -1.118644065601279491e+00
6.933033799863162761e-02 -1.049205508764211148e+00
6.970924498170495698e-02 -8.874659303596384996e-01
6.333227978758691756e-02 -9.071151586155287161e-01
5.631868408559544126e-02 -9.828888443231329486e-01
5.579799048338527495e-02 -9.015493114127133278e-01
5.349522306600217741e-02 -8.820545405312596454e-01
5.072855369703072048e-02 -8.763324177317488584e-01
4.528157521985132217e-02 -1.078830266311464836e+00
4.894766892982126139e-02 -8.285991336795609508e-01
4.182540262571256967e-02 -9.142849145456486415e-01
3.888740510228141933e-02 -1.054643522061079475e+00
3.680021695877228743e-02 -1.005511464063513660e+00
4.476324233417957460e-02 -7.819869664081353644e-01
3.409268959918531489e-02 -1.037036080741607691e+00
3.625908430524682480e-02 -8.568005950414387950e-01
3.168381003910393512e-02 -9.556823060607891884e-01
3.109573570425415781e-02 -9.281769714578675945e-01
3.350202466900781273e-02 -8.379721069057473049e-01
2.870502972361341915e-02 -1.042492578919058221e+00
3.288436547805021620e-02 -8.120437393496618972e-01
3.627126199589938288e-02 -7.497858723743467957e-01
3.075204620176068618e-02 -8.071858670395878343e-01
2.486311725545681944e-02 -9.842982850523481764e-01
2.745163804392150228e-02 -1.128939960054390790e+00
5.422905341212812952e-02 -5.712269613476560481e-01
3.928439036037768145e-02 -6.570736758486134255e-01
2.859292934407407782e-02 -7.599638430665295319e-01
2.209831005465315648e-02 -1.042798767722005415e+00
2.659335382010633020e-02 -1.170948419211464087e+00
6.603231366167026939e-02 -4.623985734283487803e-01
2.568725158743939696e-02 -1.175218251259036784e+00
1.038495233174223653e-01 -2.719923157193749885e-01
1.997186695629626918e-01 9.430324593518060183e-01
1.603213078226678745e-01 8.753993162194139144e-01
1.340944517105887024e-01 9.311144211331630061e-01
1.209305810564765271e-01 1.083746506429473566e+00
1.044052883125884262e-01 1.057345594486134743e+00
9.154800735315518634e-02 9.167448572241749805e-01
8.495136867810136605e-02 1.067445353013519282e+00
7.844098820840877950e-02 8.454024645750580769e-01
6.919799685924647725e-02 9.755480436758419138e-01
6.470439023698291992e-02 1.015581070128506180e+00
5.963194134199909652e-02 9.706289841668057639e-01
5.931315182300339606e-02 1.091350577238837660e+00
5.324142183059378530e-02 1.032862903937142862e+00
5.072503544695788902e-02 8.931407693258343050e-01
4.771818200160424239e-02 1.037562893522758767e+00
4.854038108631990311e-02 1.114816575566593748e+00
4.616989231329368670e-02 1.117968998396434710e+00
4.020231140852057600e-02 9.810961681710149707e-01
4.701211386338841058e-02 7.713712054766534987e-01
3.729011961321371943e-02 1.030259265908696653e+00
3.627330418412522128e-02 1.051351626423727703e+00
3.729841978209325060e-02 1.115166372822222751e+00
3.484281397905891059e-02 8.683706629091627605e-01
3.169459984904118149e-02 9.369597348339092635e-01
3.117497660057125947e-02 1.049376452523137493e+00
3.129146341424032807e-02 1.088056155358068322e+00
3.358585235033560712e-02 1.156740041117908957e+00
2.898779915654285666e-02 8.852851911736360213e-01
2.654323772419605112e-02 9.782157159109060585e-01
2.817274736620362097e-02 1.105559957180387576e+00
2.616207504957806032e-02 1.070865416185302177e+00
2.436810507307589010e-02 1.005769210912978995e+00
2.393259333876435191e-02 1.028902208316920586e+00
2.705372748131712121e-02 8.250264531024688042e-01
2.422772928160849340e-02 1.095338952846805380e+00
2.183931479624119654e-02 9.859347718324891208e-01
2.742930894210909853e-02 7.844324362312122823e-01
2.091459203476005169e-02 9.490977952132024775e-01
5.192635189910108778e-02 5.551332667231598794e-01
2.009391657547628454e-02 9.169539175976880729e-01
2.346608989399876985e-02 7.996511972993343154e-01
1.908506858647516374e-02 9.226617969570773958e-01
1.965520102756610279e-02 1.073789440270083828e+00
2.136165070936973942e-02 1.134620889128268972e+00
1.849445259828187693e-02 1.061446476749603463e+00
1.842889198406354873e-02 1.074839593601028875e+00
2.173246200603051043e-02 1.170014979812037392e+00
5.055777580904499691e-02 5.191990734873782598e-01
5.756875374861877837e-02 4.636186030169361927e-01
1.649905966526052717e-02 1.056354054182936597e+00
1.702378638288488608e-02 1.090042524911677857e+00
1.617661690015351206e-02 1.069436550871412317e+00
1.619847703978165993e-02 1.082247219923179182e+00
1.800018095194516263e-02 7.951756056305470111e-01
1.507903004954492913e-02 1.055773949939113887e+00
1.782529648240920028e-02 1.152493923367668094e+00
1.400321805479944406e-02 1.016153713971674311e+00
1.800533207746141465e-02 1.169555799444568889e+00
1.645005227731242622e-02 8.023016995414268271e-01
1.513911657032538695e-02 1.110269146345871816e+00
1.400352076613550246e-02 8.688333602186099069e-01
1.879243378734767739e-02 7.362718543779843694e-01
1.630664940290260656e-02 1.159644430144140204e+00
1.166848947615377607e-01 -3.665727474587974349e-02
1.356784636955937762e-02 8.515188179357638942e-01
1.211562774658311685e-02 9.934113552504589828e-01
1.973152311888337618e-02 6.963203645606376169e-01
5.436618295468709228e-02 4.015445839544942164e-01
4.274113023439922443e-02 4.568179417021271949e-01
1.560451346680233158e-02 1.170137940458083170e+00
1.196737643010421792e-02 1.062390718583228644e+00
1.196398749407865530e-02 1.070367719643744220e+00
1.256585907970667743e-02 1.102849259966398598e+00
1.109016465977182009e-02 1.036476617981449078e+00
1.141642419272940155e-02 1.065923861310032805e+00
6.847464484544432683e-02 2.736944296865342352e-01
2.926056239789028360e-02 -6.537127371834693390e-01
1.847220798767357924e-02 -1.011392179908197964e+00
1.772858077732694312e-02 -9.306172435708960355e-01
4.991537619485817562e-02 -4.391858701462434955e-01
1.808732627749103788e-02 -8.377858543615032128e-01
1.697365777469967210e-02 -8.818235388134492148e-01
2.201389742851145651e-02 -1.165077441385078849e+00
2.060723730339046253e-02 -1.148405492161806540e+00
1.565905218132338655e-02 -9.638551542621134338e-01
1.608747453714380257e-02 -8.608019992655614461e-01
1.864116240468464275e-02 -1.128041647267218561e+00
2.050930682384945192e-02 -1.174776072782674818e+00
1.605699943709886987e-02 -1.073134972274661703e+00
2.177323442609245194e-02 -1.209459540090630059e+00
1.779123242457711015e-02 -1.144408432432639122e+00
1.634438085847688196e-02 -7.893196238005181220e-01
1.891172330805137441e-02 -7.176568617535470374e-01
1.425478700236995459e-02 -1.052702511702671595e+00
1.309438668021607743e-02 -9.548646796108339885e-01
1.324745978317925371e-02 -8.900157892114420877e-01
1.958846234848772919e-02 -6.837325361768435972e-01
1.340366170640992609e-02 -1.049974770138054847e+00
1.401822845476124318e-02 -1.086629179059303896e+00
1.233844533759547758e-02 -9.992200995000167785e-01
1.202409133357690979e-02 -9.276229824263015900e-01
1.187208991260186447e-02 -9.257947783625767313e-01
1.183732423433073166e-02 -9.967877624017913440e-01
1.281208535066153190e-02 -1.073628908671193649e+00
1.772090554718673550e-02 -1.206586984164454979e+00
1.471434651629965722e-02 -1.150850152843347685e+00
1.746977225226988353e-02 -1.213153492054381610e+00
1.183807401135160420e-02 -8.456235891749342981e-01
1.834461670952507520e-02 -1.235535488904169643e+00
1.432308169344317407e-02 -7.448228627360174992e-01
1.432243357762234652e-02 -7.389054563147772203e-01
2.072033129218212727e-02 -1.277667677530466062e+00
1.275184522662909173e-02 -7.741821326951454640e-01
1.834054223627616664e-02 -1.253359285284733504e+00
9.856767759397861220e-03 -9.306546389451635370e-01
1.324508872898009885e-02 -7.462527140625060396e-01
2.002039688887842853e-02 -6.120057226277542117e-01
8.287734593590317944e-02 1.352238199612322729e-02
6.543687296289933675e-02 2.022136128777675124e-01
4.738395436456479398e-02 3.282425644859824354e-01
6.808580418829769665e-02 1.826277923574335521e-02
3.621596254485831556e-02 3.922020056246200426e-01
1.476750104606554259e-02 1.185679147891242069e+00
9.495398985103263231e-03 9.367994924058096196e-01
1.592296210502426937e-02 6.466315813610984398e-01
1.975825588289831930e-02 5.716670358074714686e-01
1.336596149293003966e-02 1.167118092346734581e+00
1.656279842891872009e-02 1.232632436358797490e+00
1.265327504024810028e-02 1.160150641075475608e+00
1.039525914928482106e-02 1.091715849793756021e+00
9.592837968901216095e-03 1.056850664023008646e+00
9.451811404819788001e-03 1.054413940790535964e+00
3.103522299537580728e-02 4.127824310292156351e-01
3.691582872768196799e-02 3.365596927742368627e-01
8.815113891133865773e-03 1.027888892930225229e+00
1.559866467356389036e-02 1.237362492534076486e+00
9.228036196589125412e-03 1.070342338897128709e+00
4.289633315684157622e-02 2.510925700123127768e-01
2.843151839463456051e-02 -4.717221942563571413e-01
1.082438107757699441e-02 -7.922414131639587964e-01
9.937232457361295374e-03 -8.331908372861458467e-01
1.016731934366797013e-02 -1.075690094462347091e+00
1.057525359238780521e-02 -1.100054842521288823e+00
8.955697552579735751e-03 -8.961541473410878922e-01
8.738846194388003724e-03 -9.726698120843951800e-01
8.671094345193149089e-03 -9.772833021549400812e-01
1.678993336606769346e-02 -6.119372074117601645e-01
8.435803635900766470e-03 -9.295634991644871059e-01
1.040954504552275665e-02 -1.116809356441941015e+00
1.095549274179343120e-02 -7.436628638883469034e-01
9.461045863358094610e-03 -1.084116076623978575e+00
5.356091426082677798e-02 -8.751210220793233241e-02
9.224075754838061830e-03 7.864090616635338593e-01
7.842643226406285917e-03 9.325141612700417193e-01
9.548160404583725877e-03 1.100292751912116174e+00
8.781728942149728823e-03 1.067466918104492013e+00
9.093776580604655962e-03 1.088323478692920121e+00
9.788971856013560860e-03 1.121547813956748296e+00
1.075664412295630062e-02 1.156910270431776855e+00
8.573315517213086351e-03 1.076394987925735736e+00
1.040910352854452353e-02 1.153270800663881879e+00
1.026139884467171942e-02 1.152404812080392693e+00
8.272893963833252706e-03 1.074674039029593242e+00
7.503757407696068533e-03 1.021830010199038297e+00
1.072114786950265249e-02 1.174355919760679434e+00
9.621276633727407143e-03 1.144606789038578043e+00
7.841947069632667841e-03 8.140100740892668441e-01
7.539236491493303896e-03 1.050189496842597991e+00
6.834066482945952946e-03 9.308838112604622683e-01
8.759022173557626592e-03 1.123407311112716522e+00
6.853824142242441464e-03 9.945063522359415265e-01
1.009578258434277315e-02 1.174098190858485991e+00
6.714190292295025078e-03 9.908372250083092858e-01
7.298576917581141472e-03 1.060509249527441078e+00
6.532152140225917086e-03 9.211090980109464255e-01
6.546540573840788253e-03 9.870428125376382589e-01
7.443884460927330596e-03 1.081072584574351181e+00
1.048527784789757278e-02 1.197278541064291213e+00
1.029940164809741571e-02 1.195615930126639359e+00
7.359404988197493398e-03 7.994959167169333192e-01
9.742832047499301248e-03 6.905023728792040183e-01
1.921807460736575310e-02 4.861925172316252652e-01
2.676689384787913836e-02 3.741328623145726007e-01
1.330089716411081251e-02 5.795654508531519200e-01
9.124927305183831022e-03 1.171982401926813466e+00
7.031352203906528209e-03 1.088130700412451635e+00
7.859082709332606415e-03 1.132072450850603484e+00
6.765385871757349096e-03 1.078561054353487370e+00
7.116787839514792172e-03 1.102613782913196561e+00
5.765911520937990094e-03 9.731831055001990416e-01
6.117494643715208971e-03 1.036946883122901175e+00
6.049077536247158583e-03 1.034050978557810474e+00
7.029021143042832667e-03 1.108229665560055199e+00
5.727047607744388535e-03 1.001415718012018896e+00
1.129134505705911735e-02 6.121281069134465458e-01
2.427277532963883697e-02 -4.740999306149221160e-01
1.821912608411243792e-02 -5.557077940120849213e-01
8.563275626235369517e-03 -1.047834766281795948e+00
8.433861528980089728e-03 -8.321672181479805586e-01
9.626174770147480006e-03 -7.592645242499215241e-01
1.247918589374841583e-02 -1.197030703758209302e+00
7.530964346476343510e-03 -9.301600707476762597e-01
7.514031119962258885e-03 -9.694118897070098662e-01
1.447954485553670789e-02 -1.243102831547852061e+00
7.377652221114615501e-03 -9.751289821372711719e-01
9.225119911747367216e-03 -1.117577959994875192e+00
1.316618441768447473e-02 -1.227347253864214505e+00
9.967645972277826630e-03 -1.152763343433473864e+00
7.062475898868947506e-03 -9.659761294377233742e-01
7.025913823777998890e-03 -9.156123456240107261e-01
1.029601535714776486e-02 -1.170369345718953014e+00
7.814916719068849479e-03 -1.072904487808787444e+00
1.044837064285106254e-02 -1.180500460689666742e+00
6.753574558687896329e-03 -9.288408262550794658e-01
8.277310982345700840e-03 -1.109669976048682338e+00
1.215904747681811025e-02 -1.228212131416493991e+00
1.029226361473897094e-02 -1.187653460466097988e+00
9.101121252572799691e-03 -1.154496941595307469e+00
6.452373316886663573e-03 -9.348328294216584622e-01
7.430226661227010490e-03 -1.085200285854440283e+00
6.547534677288311192e-03 -1.011757038444314638e+00
8.436282528949162057e-03 -1.140024534634697995e+00
1.124221111073464736e-02 -1.224482658454107309e+00
8.636197030385029533e-03 -1.154645334456550376e+00
9.114988906749580885e-03 -7.181481865262775433e-01
9.128239684437869025e-03 -7.143519700431067987e-01
1.738890134115832903e-02 -5.259173713532401262e-01
6.057391846335137033e-03 -9.923316927379776109e-01
6.084303299917488521e-03 -1.005760528384419095e+00
9.127726135887300613e-03 -1.182215943813105241e+00
1.059143652592207767e-02 -1.223779458134668818e+00
7.824610664424176340e-03 -1.142546237673196075e+00
7.798383435737766059e-03 -1.144277864108408149e+00
6.292049960006986312e-03 -1.061213327793958161e+00
6.041168804034099254e-03 -1.040967030926119419e+00
6.496762229176656495e-03 -1.083889235340303347e+00
2.968580974085911067e-02 -3.494720231840359737e-01
4.424667784677206728e-02 -9.534731081881302195e-02
6.055899110018220233e-03 -8.380105132765409692e-01
5.722483151213249818e-03 -1.023961539899810091e+00
8.996769694937288217e-03 -6.811380035498300067e-01
1.037913374584466773e-02 -1.234683683947456867e+00
5.364652787946880622e-03 -9.762296906717364831e-01
6.237951321561866803e-03 -1.087975756246109649e+00
5.584130464512036124e-03 -1.032612517490418380e+00
6.472215909794503536e-03 -1.108074883358680429e+00
6.219277657189772705e-03 -1.095217168155234955e+00
6.748323933033397587e-03 -1.128079826292601506e+00
5.371192367910167069e-03 -8.763294368064833417e-01
6.913310327535233078e-03 -1.140109349765348279e+00
7.665529811001267797e-03 -1.173179210690606489e+00
6.107733104998539116e-03 -1.102195159866039109e+00
6.051579463661318180e-03 -1.101231735308961568e+00
9.151255598183843237e-03 -1.224231652441599927e+00
8.439371040258323783e-03 -1.206937297709760548e+00
6.436816338631624196e-03 -1.132730616726584039e+00
6.679075726735332966e-03 -1.146894718500370614e+00
5.958580629309450684e-03 -7.925613608455650549e-01
1.059168083164118736e-02 -1.265831931543252686e+00
6.030831187951680647e-03 -1.120792084861141680e+00
6.333329104695398573e-03 -1.139529177259303028e+00
6.160547244393748019e-03 -1.132790569651691559e+00
1.416036227862596530e-02 -1.331967974992302128e+00
4.644054035136989562e-03 -9.327156043995676882e-01
4.272873526472285854e-02 -9.900945710793850399e-03
2.213113865474235567e-02 -3.987868771747158370e-01
3.917793230142900540e-02 -8.687693348288907935e-02
1.095696332998307397e-02 -5.841639531429722032e-01
3.763777088094044654e-02 6.304619720031032215e-02
3.036862582708170846e-02 -2.298523156504640730e-01
2.671157454113954471e-02 -2.788085594643877063e-01
3.234448169611288393e-02 -1.397867258864429751e-01
1.858126779871983533e-02 -3.978711109044777428e-01
3.302147892838442483e-02 6.417255228973549330e-02
2.658896271022752333e-02 -2.225272990545435758e-01
1.157680120481491617e-02 -5.278122223896017928e-01
1.846232304438299651e-02 -3.717331240330111197e-01
1.288267742679395991e-02 5.378274495220967122e-01
7.991404878827483571e-03 1.158797284594031751e+00
7.994368448299237970e-03 1.161441815236708752e+00
6.800848252914769819e-03 1.113519100076517221e+00
5.238301461769350950e-03 9.409442671084171650e-01
1.358349143962359930e-02 1.291673375273188373e+00
1.109906791200077590e-02 5.760221166441211738e-01
6.182838964321079982e-03 1.089687486815937190e+00
6.737943285631918869e-03 1.123448853102886780e+00
7.271014160886060673e-03 1.149657524187578161e+00
1.526545070533871264e-02 1.323164087016974744e+00
7.665907552531693592e-03 1.171457115663218307e+00
9.884941718846579004e-03 1.236568640126771701e+00
5.111126233080933584e-03 1.016922193082830050e+00
6.728821072580494847e-03 1.140736772012073130e+00
5.713253466992261435e-03 1.085237733612183009e+00
1.111126523070191802e-02 1.268653280273920547e+00
7.184579032167967907e-03 1.167430899902560215e+00
5.586755637867334146e-03 1.086454060356938811e+00
7.209001237652827576e-03 1.172242079000843651e+00
5.124797367325836794e-03 1.051960174787288871e+00
5.812033746865468212e-03 1.109529652310079939e+00
5.014790020736291029e-03 1.046490994930685536e+00
8.389398769030840045e-03 6.431631622934141923e-01
2.134686514679774022e-02 3.292332708722340850e-01
4.835636614124816900e-03 1.034024781902794121e+00
5.608855641856334839e-03 1.105873345853469747e+00
6.527907079018461373e-03 1.156555825074932597e+00
4.456348781546153916e-03 9.672119071337882401e-01
9.793204381434744699e-03 1.257647848668956403e+00
4.443268213241614688e-03 9.869719958353019296e-01
4.656324312831835836e-03 1.033848179001076728e+00
1.185473161208000156e-02 1.300903338791236985e+00
6.806328123400186281e-03 1.180058256193960320e+00
1.211638396955710441e-02 5.168647016641017000e-01
4.783979307987551097e-03 1.065141449104426430e+00
4.344501691490133995e-03 1.005777791266410759e+00
1.009813782101061375e-02 1.274692278482143504e+00
6.618200075552559299e-03 1.180930041175843659e+00
7.438546623152641341e-03 1.211708684579239526e+00
7.022537850305283352e-03 6.714017810942017883e-01
2.386004041326141717e-02 2.477825285079531814e-01
4.876999191896746674e-03 7.940589473952524013e-01
1.476487400857247161e-02 4.364747814999616615e-01
2.207211823370713519e-02 2.666596026195873215e-01
2.351829400270631643e-02 -2.334966186845999214e-01
8.853868913662172810e-03 -5.902608609551835972e-01
5.191566511945187520e-03 -1.096324052175976060e+00
5.255837904427070745e-03 -1.103049898366080139e+00
6.712689274283279231e-03 -1.178962381900223511e+00
8.047188906538617001e-03 -1.224980291616660999e+00
7.388467900459117117e-03 -1.207053417333699086e+00
4.092459254144638174e-03 -9.582524477654776884e-01
6.179641943576456159e-03 -1.164403485613172418e+00
6.235531296837610801e-03 -1.168737060167289732e+00
7.171755491181851412e-03 -1.206072390336030198e+00
6.611004233229709169e-03 -1.187951361780199111e+00
7.082844128541581491e-03 -1.206751900136241673e+00
5.342403641242784475e-03 -1.132427273887963937e+00
3.958652209686159933e-03 -9.092062178682094320e-01
6.711362203957508231e-03 -1.197825811993432632e+00
4.210749330729658679e-03 -1.041954476378061267e+00
1.000467342212867788e-02 -5.401718200375029699e-01
5.507027621769557124e-03 -7.196324504843674141e-01
5.581960508860561720e-03 -1.154126086198527856e+00
3.818221869314067460e-03 -9.164744640889173066e-01
1.921391955935794829e-02 -3.094876666316254132e-01
5.300858629705995119e-03 -7.239301981349006709e-01
6.168678766772006487e-03 -1.184851571815587423e+00
1.957038392657252379e-02 -2.893525274020006255e-01
7.033425001694558823e-03 6.515776304846350175e-01
5.238026840881138818e-03 1.123219540511191328e+00
4.375783711012346498e-03 1.053484619346289008e+00
1.021679309665075863e-02 1.286592288399688089e+00
5.663330158356646646e-03 1.153372120468376227e+00
5.474541165278026811e-03 7.271065192135914845e-01
3.905853155780261883e-03 9.852024187092759400e-01
4.941057900035561272e-03 1.115493325309657946e+00
5.920528556281690405e-03 6.961046646405444349e-01
4.154205907778855782e-03 1.046475968456125338e+00
5.446947510654380487e-03 1.149986724670731597e+00
4.281462280654992070e-03 1.067173125583801729e+00
1.442788056803129097e-02 4.156816685005160217e-01
2.030158527599243770e-02 2.643190743708686008e-01
5.654562345566814877e-03 6.977103560197041032e-01
5.241287534520677575e-03 1.144377851893661147e+00
5.973798040250370527e-03 1.181195555380748274e+00
3.679341995973760965e-03 9.793481005623198010e-01
4.185931935815854002e-03 1.071517667266198348e+00
7.321059310287567762e-03 1.231921710594639841e+00
1.158767870057813426e-02 1.324973597042697682e+00
4.125448486796818443e-03 1.075112913147753924e+00
4.458326094380339784e-03 1.107117779735004248e+00
6.500904966055944499e-03 1.212040495275543917e+00
4.908839190522699091e-03 1.141847774989902975e+00
3.597534567392372991e-03 1.006292439266123884e+00
3.654929050934183857e-03 1.022744967496498347e+00
1.001055427838937716e-02 1.304796803946988604e+00
3.929767928257939073e-03 1.070873741854272865e+00
4.505176152113011048e-03 7.586313395233869050e-01
3.406683850247511913e-03 9.571569114455380500e-01
1.662364469832590744e-02 3.394166637963441646e-01
5.312459055131269620e-03 6.951154642087948865e-01
5.408161813361613175e-03 1.178797267604669630e+00
4.691957367087360581e-03 1.142035932746956473e+00
4.728807131377420030e-03 1.145811896036622368e+00
3.766869904229686299e-03 1.067556112971669968e+00
6.908112903665789006e-03 1.239472040346748960e+00
4.407437984749913717e-03 1.129841947325449736e+00
4.825635196366724090e-03 1.157570899889917460e+00
4.195342134675916594e-03 1.117325895762559140e+00
3.904668593918120441e-03 1.093485024365526748e+00
5.076535715897088213e-03 1.174702619391411629e+00
3.688637606289119856e-03 1.074193590205818616e+00
4.475256484033456050e-03 1.143090868265463911e+00
3.201759806090553450e-03 9.197650928522175251e-01
3.558102621761121808e-03 1.063261605723552439e+00
6.357530857894453519e-03 1.231730020569358874e+00
6.675388697721070137e-03 1.243496352706189745e+00
6.152497464585742100e-03 1.227798592289984114e+00
4.764689363017642759e-03 1.169280614364015092e+00
4.217690566374054928e-03 1.136781657174672056e+00
4.112614646991206817e-03 1.130516766467186462e+00
4.103322724703816447e-03 7.600134890515961583e-01
6.588221700189128907e-03 1.247088851404358545e+00
4.901020869820542705e-03 1.182613468565268056e+00
1.230872519454462299e-02 4.314771527434096421e-01
3.257809921217554028e-03 8.539606524976744995e-01
5.802863380882674477e-03 1.223878505959186347e+00
4.399666528505037470e-03 1.159149174944279048e+00
1.031163007564152127e-02 4.805389751567675227e-01
4.396433727258871986e-03 7.230325296741966223e-01
4.385380106632092399e-03 1.161034858226310362e+00
4.210386405933303454e-03 1.151283728028727582e+00
4.305285271541436747e-03 1.158656180212422671e+00
3.621433034118345592e-03 1.107665530921528196e+00
4.770569768378262604e-03 1.186972284037549619e+00
3.369388283704375601e-03 1.083936994376483831e+00
8.970992613867339455e-03 5.142676687584016859e-01
2.116969997303298073e-02 1.777215198572031085e-01
6.491043776767491634e-03 5.976129212970857640e-01
9.874594513844231480e-03 4.764851210079977251e-01
1.019751607819680689e-02 -5.106353645782759632e-01
6.828204233266698536e-03 -1.212085738774985488e+00
4.468665373079123287e-03 -1.093812416100634843e+00
4.849366882708028986e-03 -1.123978938139444939e+00
5.992912432991911835e-03 -1.184932758943940456e+00
3.821875890270472979e-03 -8.528244469913821568e-01
8.384232361502366379e-03 -5.634674431159734098e-01
5.591155732445609802e-03 -6.846634002483396042e-01
2.063781858093345634e-02 -2.063397979466485843e-01
1.149082924998589585e-02 4.237774253744018838e-01
2.212044489566086097e-02 6.933216550228592234e-02
4.440889532782199382e-03 6.965365608670335273e-01
2.774082291250358229e-03 9.499323648276202237e-01
2.865786801638736236e-03 1.010211588881466227e+00
4.647788788604513208e-03 1.187297145844884882e+00
2.746279004958357851e-03 9.406029906698906151e-01
3.533209611085395222e-03 1.114395354148602690e+00
3.815754374130573071e-03 1.139141888147658044e+00
3.133350732092442248e-03 1.072715324610845178e+00
2.725202632901589997e-03 9.756229970268671670e-01
6.514634815774317939e-03 1.263362565549540184e+00
7.183550055257995580e-03 1.283307998363881985e+00
3.309030690405641642e-03 1.101775491328565337e+00
2.835653718394670619e-03 8.644756935711773727e-01
5.294142241419414786e-03 1.225728968914842953e+00
5.377512729123786611e-03 1.230233676832760192e+00
1.263240771561351464e-02 1.386431528985045736e+00
3.153132658423985803e-03 8.008142883826757652e-01
2.900080398336864554e-03 1.060171206994279913e+00
2.603444431945082464e-03 9.290759922799642911e-01
4.181561831300791530e-03 1.179746046861146702e+00
6.820115930207990354e-03 1.282828292926692759e+00
5.999511988745847256e-03 1.259899559999168472e+00
3.955840366585683214e-03 1.170566195691180589e+00
4.404096180748046443e-03 1.197414361200669575e+00
5.043767382495076626e-03 1.228144239760823986e+00
6.608949842582075539e-03 1.282334074020632819e+00
7.141045451026572372e-03 1.297901267050172613e+00
4.517002394693317956e-03 1.208844955566608981e+00
5.258475010149137041e-03 1.242017709409793946e+00
4.557653106237704449e-03 1.213204761503351659e+00
3.796291936115971880e-03 1.171590356795161547e+00
