2.000000000000000111e-01 -1.060000000000000053e+00
1.601474805833616177e-01 -1.060000000000000053e+00
1.999766407722780581e-01 -8.986145880240736794e-01
1.990748826519553594e-01 -1.179438066206617064e+00
1.835337753893050705e-01 -9.600701703854574998e-01
1.545619305173706048e-01 -9.937447234095325710e-01
1.311654152022919961e-01 -9.750852112204786426e-01
1.996085968322592885e-01 -7.755344348782713393e-01
1.733150252794013746e-01 -8.445405308828253244e-01
1.605544860576319233e-01 -1.187148323213877088e+00
1.871724462896430241e-01 -7.130283441822643509e-01
1.235379933835621807e-01 -1.056285109517945076e+00
1.511691175387852304e-01 -1.125393389447163939e+00
1.427024783517641116e-01 -8.453199192252002225e-01
1.262799446617487165e-01 -9.041559408451856905e-01
1.606010043460283088e-01 -6.955474394879288536e-01
1.047100656509330624e-01 -1.035231268860832499e+00
1.251041064635685651e-01 -1.118409408921886783e+00
1.121328777506938601e-01 -1.137045354133397135e+00
9.615347019501091497e-02 -1.108561215764032104e+00
9.190881286528373995e-02 -1.027552938377613412e+00
1.275756091856002639e-01 -8.151847449801303824e-01
1.046182871578787560e-01 -9.562946517716516270e-01
1.073069904578214384e-01 -8.268769427822482143e-01
1.252036710680528575e-01 -1.198357490323770813e+00
1.001724637685516700e-01 -9.214503135078681018e-01
1.478911438326509786e-01 -6.755612235994964410e-01
8.740267707647335349e-02 -9.412798224371716760e-01
9.172251111570119131e-02 -8.413295694620733789e-01
7.864128142663467935e-02 -9.555575913510597763e-01
8.177115014281527428e-02 -8.944383531445007085e-01
1.160250211941517007e-01 -6.952151251476410554e-01
1.369629123713045071e-01 -1.223584540906164531e+00
7.078968194678030013e-02 -9.617194904342908357e-01
8.522198725676931319e-02 -1.120938713053730940e+00
7.754059835928056588e-02 -1.121248514911706851e+00
1.158691608969079356e-01 -7.577181359915141634e-01
7.632554867414587108e-02 -1.022003733425669969e+00
1.776802037885532592e-01 -1.274977339270552568e+00
1.256488197781482907e-01 -1.247424872349383040e+00
7.008434347354433602e-02 -1.104469015547543842e+00
1.012384706425918657e-01 -7.674951959479454633e-01
8.676343453746787615e-02 -7.887204933533296103e-01
1.839051455396548684e-01 -6.104470070137186788e-01
7.475356756431622562e-02 -8.738571964305437145e-01
6.377006918308436578e-02 -9.299299859439740246e-01
6.638467411103869675e-02 -1.057139962036143466e+00
5.915892960014400986e-02 -9.323221585519438914e-01
6.979270686282594560e-02 -8.320938905561175991e-01
5.915335944174815452e-02 -9.035410699700854309e-01
1.466612187149912705e-01 -6.158436229591439659e-01
6.388607357963786704e-02 -1.116599789178289948e+00
6.542800067585240187e-02 -1.009485629817021168e+00
5.860986202385274485e-02 -1.109957077070972575e+00
6.861858754415949002e-02 -1.160445148407874605e+00
8.706558715643145097e-02 -1.213478748338110424e+00
8.677390052540022436e-02 -7.392954596516252419e-01
1.524274325037641153e-01 -1.299261792581816621e+00
7.912403813355610438e-02 -7.358441498028683858e-01
6.069317562315895698e-02 -1.012940313326023078e+00
5.787730870852435955e-02 -8.868143606921008448e-01
5.146351634865727054e-02 -9.081610696098041391e-01
5.019942862569021225e-02 -8.959766137524468599e-01
5.811057837702159751e-02 -1.148545703332403356e+00
1.750436840954337214e-01 -5.552801788730721277e-01
5.446979607538594836e-02 -1.051451604258604400e+00
5.394303967767571928e-02 -9.916916293492766821e-01
5.168115921211960395e-02 -1.010567279539586583e+00
6.891765073502814642e-02 -7.854664080313614738e-01
6.143530914898253509e-02 -8.050556754187250252e-01
6.177317151271454615e-02 -1.175634726566127330e+00
5.790134899527921153e-02 -8.009336530144898214e-01
1.198987484836513684e-01 -6.038808890143552155e-01
1.998985956180653889e-01 -4.171887969047229916e-01
1.619563792358094112e-01 -4.309099438137485860e-01
1.695140156337691106e-01 -4.870944405027446411e-01
9.849823594500996260e-02 -6.538638546434064613e-01
4.839581208239182586e-02 -9.942766224312513668e-01
4.448610931277317826e-02 -9.692665024435194177e-01
1.299287069472755130e-01 -5.529985995471319304e-01
6.360257454680756650e-02 -7.513226228704981136e-01
8.283951186625782004e-02 -6.694256214869761523e-01
4.396913169078545125e-02 -9.933647274427618301e-01
1.354311385307911952e-01 -4.890222758440982420e-01
9.293683638622263210e-02 -5.956154424981241480e-01
1.999999898201414716e-01 -1.952217823518280215e-01
6.184596165629590442e-02 -7.309316326556395405e-01
9.039936993799579934e-02 -1.243655292582847460e+00
4.842537352784126448e-02 -1.113640130851313081e+00
4.589163974213362335e-02 -1.052922786058635873e+00
1.311017834967863893e-01 -1.306134600953188230e+00
4.214764776980586825e-02 -1.019429364697960194e+00
3.953221159995284895e-02 -9.856135487127252182e-01
5.218755336428509972e-02 -1.162840527250566636e+00
4.388959994318660657e-02 -1.100595576406308007e+00
4.188650659068710036e-02 -1.092626230823195765e+00
5.180751625387406550e-02 -7.986243822389816893e-01
4.173373298354922378e-02 -9.233788944088708872e-01
3.922670907849415411e-02 -1.044011313590522239e+00
1.616290571177614599e-01 -1.348023830497981246e+00
7.511416212149517324e-02 -1.238154902006929348e+00
4.285454202371911936e-02 -9.032141964495598030e-01
1.514064819651141924e-01 -3.868033440427483538e-01
1.950272403325983284e-01 -2.861230613288616165e-01
4.286437465060151386e-02 -8.917703340911430354e-01
6.751757122324988925e-02 -1.233731341816781901e+00
1.085556739907758000e-01 -1.319204094576608144e+00
5.300924263997586205e-02 -1.196141671492002789e+00
7.954874953369794888e-02 -6.325749882545960157e-01
3.633797300340486924e-02 -9.333036241395726851e-01
1.157106415358804541e-01 -5.053632168091163335e-01
4.983413318820138077e-02 -7.811058649499021955e-01
4.929724846153673429e-02 -7.633882460597640751e-01
7.969888941440714247e-02 -1.288856911219197654e+00
4.456346933563453544e-02 -7.977874822630681706e-01
3.861369028349234678e-02 -1.070624708743413533e+00
4.401244654928426758e-02 -8.660786250388117224e-01
3.804685568986873601e-02 -1.104527619737934785e+00
3.591627278331278178e-02 -1.021474988270548057e+00
3.464991571493050010e-02 -9.921515556647890755e-01
3.992677450669093742e-02 -8.802566084987761830e-01
4.561285352945470412e-02 -1.172826764932677568e+00
3.330136874863309088e-02 -9.328220464119665323e-01
4.024435922446524538e-02 -8.629413685094836639e-01
5.906731221863501663e-02 -7.058085157089188932e-01
3.237126025981251765e-02 -9.143742073463306808e-01
3.279224537628124686e-02 -9.947213675319717119e-01
3.980435618723271451e-02 -1.149393511301928239e+00
6.080821539458387825e-02 -1.249057652323667389e+00
6.831298255662944519e-02 -6.566584032312061670e-01
4.078893446143821294e-02 -8.164793025922798542e-01
5.744111476723434695e-02 -1.251317193935458816e+00
6.965402595043973522e-02 -6.201569527084519473e-01
1.005909790780523533e-01 -5.197779015405760150e-01
4.730351019103845589e-02 -7.390256504941056237e-01
3.447414462349113889e-02 -1.068520710053426193e+00
3.309278904504873303e-02 -1.066143736588369251e+00
4.370108961851149054e-02 -1.194047748558452637e+00
3.869846684058769748e-02 -8.194260333611061986e-01
3.651542591598958692e-02 -8.578916421558416827e-01
3.020344840376977882e-02 -9.249353667626980524e-01
3.454028978887526552e-02 -1.128401095491857076e+00
3.140183070511803204e-02 -1.060117057340038027e+00
3.048182680577846138e-02 -9.815124449133794116e-01
2.977635810161034791e-02 -1.029816544406250367e+00
7.063553630623443935e-02 -1.295821055601281691e+00
3.320580442513814540e-02 -8.738954263928764288e-01
8.360409233866560041e-02 -1.321243530596114990e+00
9.780406015837619926e-02 -4.734232256623856494e-01
3.000369970528418695e-02 -1.073252868933514792e+00
2.827974460796390394e-02 -1.029770921114655513e+00
3.108570073359917182e-02 -8.823027016063333949e-01
1.580875282768061385e-01 -2.580676701619372126e-01
1.510435287543813454e-01 -3.551530238730799538e-01
4.100394270263187785e-02 -7.590760708724730854e-01
7.878712809151511287e-02 -5.717220078149213291e-01
1.059713799691987535e-01 -3.973751072325127920e-01
8.265090578693314038e-02 -5.014470924603988689e-01
2.859394579385587595e-02 -1.074576110749540847e+00
3.820136943875528796e-02 -1.173037424325309885e+00
5.905070707702717026e-02 -6.572983420581320901e-01
4.624548480077654566e-02 -7.184107148973850610e-01
7.564045468870594924e-02 -5.357543626935117320e-01
3.298053963999374866e-02 -8.533803952447158725e-01
3.198504975863197125e-02 -8.509892079117008512e-01
2.835018987974197852e-02 -9.666535086839475044e-01
3.045071063922880766e-02 -1.118770429240087294e+00
2.684571721794633617e-02 -1.020262656971098414e+00
3.023390459776342451e-02 -8.588045486056173905e-01
4.301420861630008557e-02 -1.215821610025151767e+00
2.578716328131152799e-02 -1.038335111345810136e+00
2.971687613568896325e-02 -1.124602750624516201e+00
3.934021936933301822e-02 -1.206521265702338974e+00
4.720860200031124637e-02 -6.996967222819326926e-01
2.666439923088557290e-02 -1.091321663148367982e+00
3.240438259499372337e-02 -8.164463374722713551e-01
2.695612722814821893e-02 -9.660536538290951381e-01
3.152047371348511845e-02 -1.156416143894648751e+00
6.644541131492580355e-02 -5.717484754190369500e-01
5.435346544982005285e-02 -6.399106810928885114e-01
9.215828823819272042e-02 -1.337046898111621918e+00
2.605471793395224347e-02 -9.764223398942504240e-01
6.151732889602782445e-02 -5.682988604610660355e-01
4.068429323961552518e-02 -1.225761705260939083e+00
2.523152482291524112e-02 -9.821665391208791451e-01
1.346373772097529120e-01 -3.083885963126529184e-01
2.000000000000000111e-01 9.605415349837931327e-01
1.915733022742215075e-01 8.880677872187482391e-01
1.520690319734301632e-01 9.540034175284954898e-01
1.989001069842407377e-01 1.074838631574083880e+00
1.999966366282086849e-01 7.142059514036945833e-01
1.873269975350791983e-01 8.239001674261253738e-01
1.702332508554778301e-01 1.106753009436000079e+00
1.504322928148547345e-01 9.969072466746624617e-01
1.413050897918643467e-01 1.027572215475202722e+00
1.955227686532848008e-01 1.191958062265106477e+00
1.815255590055929180e-01 1.242976766654938947e+00
1.251788255878404088e-01 1.076511142394869225e+00
1.126319075034935696e-01 9.553450429783633124e-01
1.423649994116568396e-01 1.198528600196788085e+00
1.634626397910700357e-01 7.941823486511135899e-01
1.083383646689485558e-01 1.062713466453966804e+00
1.364563067409566288e-01 8.748186400209049252e-01
1.291866075994695662e-01 8.052917367156613437e-01
1.229882900803285217e-01 1.121740977515135462e+00
1.009359767596061941e-01 1.026649594371197516e+00
1.220207931055365957e-01 1.156122510922001467e+00
9.173404900318735122e-02 1.006491789784830893e+00
1.103408702332141361e-01 8.456256115524830586e-01
1.182549602568177260e-01 7.830313796856797071e-01
8.177357803359333599e-02 1.041060938502871291e+00
1.066077161952662389e-01 8.960957430479488117e-01
8.642812126576514264e-02 9.542761703820415997e-01
9.158872996832219393e-02 8.962107910870154015e-01
1.838151936933511144e-01 6.579464605253603215e-01
1.247367218929162080e-01 7.529657718719267034e-01
7.405334738002691819e-02 1.034579959359808621e+00
1.035020634269275264e-01 1.142555836811508074e+00
1.592668214592741216e-01 6.400876200318174059e-01
1.140036266401323328e-01 7.414022326356271009e-01
1.070959373786468105e-01 7.248894419967020220e-01
8.162755569571489289e-02 9.135709960461076973e-01
7.400295572162063351e-02 9.198489388144702739e-01
6.822006723321437371e-02 1.022556914033235120e+00
8.879661072688377343e-02 1.131022884974265397e+00
1.736302900530238835e-01 1.286184501845779815e+00
6.988165191775229379e-02 1.091310034065374746e+00
1.993708134872166915e-01 5.230801435574746749e-01
1.610362938046602244e-01 5.995368553321195337e-01
6.202984018983555281e-02 1.021954147521843659e+00
1.147389744931256311e-01 1.231873298009316997e+00
7.122379754295742049e-02 8.948256578525090044e-01
1.294527310250355723e-01 1.278366291598840521e+00
6.496871034993771665e-02 1.096324075059371461e+00
1.085393828738686062e-01 6.854047182447109421e-01
6.858918249106633891e-02 1.121278957102533669e+00
8.090989921681167318e-02 8.040421816081974038e-01
8.607006155709223671e-02 1.181648884272173072e+00
6.892473172067378751e-02 8.749065778842295416e-01
1.175079110780576502e-01 6.253655649145162254e-01
6.789103528056293635e-02 8.550277903867364859e-01
6.209514611240442294e-02 9.758890785897494924e-01
5.846139670381378384e-02 8.843624592469461199e-01
8.249162124587444689e-02 1.202540412473045217e+00
6.608664946915719651e-02 8.252628648330644356e-01
6.807217240530530344e-02 1.152146476071040038e+00
8.033599426418536193e-02 7.515669146522289124e-01
6.514126007874981861e-02 1.163962528465329660e+00
5.336939029899410297e-02 8.925179643158857035e-01
5.499275501541670691e-02 1.020342241791476923e+00
5.754192747018650744e-02 1.141953312859211644e+00
1.704952003193700993e-01 1.335853922128669158e+00
5.554757070632169308e-02 1.153519948338352030e+00
5.308131980287897345e-02 8.618787854619666122e-01
5.339539159892773418e-02 9.306456322396026160e-01
5.067996764879947880e-02 1.043237381667782904e+00
4.872236930103165942e-02 1.084435733986032435e+00
9.249470047733332478e-02 6.676892542640551209e-01
8.346153009085052754e-02 6.676843322827076266e-01
1.807779031821869498e-01 4.725566817879227055e-01
4.593335840102975853e-02 1.060499895717200269e+00
9.608923721577095067e-02 1.265808026988481272e+00
4.981429468247514092e-02 1.001076330938025283e+00
5.116068086576069929e-02 9.577815136106483385e-01
7.373042946382291074e-02 1.231115702919218124e+00
7.136104787978528319e-02 7.542774615655001291e-01
4.317528137388861043e-02 1.029889844076923966e+00
1.399390994767727991e-01 5.640392621589831457e-01
1.272704238041121039e-01 5.306968858434593095e-01
1.973743767991110176e-01 3.786687702064976402e-01
1.076123546843853473e-01 5.718719967430436757e-01
4.700816721082311245e-02 9.251194808619633836e-01
5.962712501564890188e-02 8.001641574167597248e-01
5.750983672975477218e-02 1.191335870368321004e+00
6.794567026536948995e-02 7.338047955487764229e-01
4.073952669067843618e-02 1.043102025102377262e+00
5.258285068989662636e-02 1.184325189939278822e+00
4.145094334866419178e-02 1.009121817135387289e+00
5.173133833743114723e-02 8.351524843458780767e-01
7.511439858560457761e-02 6.544953710135364977e-01
1.495597742927250173e-01 4.527965765433982770e-01
4.907576511534095937e-02 8.331882988626884146e-01
4.337824835568631493e-02 9.174269294851318257e-01
4.259064498937065180e-02 9.335325205877269550e-01
3.887190880235585899e-02 1.011865082541391070e+00
6.132963837422900077e-02 7.376990329877913810e-01
3.940815011796808265e-02 8.886671078174843696e-01
4.231934041739879304e-02 1.093750358578014836e+00
5.206230161260293893e-02 7.781390673408813408e-01
1.969726922339790354e-01 -1.025225241307147900e-01
1.913574815541041751e-01 -3.093744917026699029e-02
1.115611400605376335e-01 4.898211015412088365e-01
4.085383023309319128e-02 9.582804499115309405e-01
4.226198212626399581e-02 8.486829348224226299e-01
3.836161962585332014e-02 9.426279745869916571e-01
6.214321858881553112e-02 7.039763309786239986e-01
4.247887026854718640e-02 8.311130949808513968e-01
4.440995613546570159e-02 1.135656902523426659e+00
4.041924371687503903e-02 1.108818243691454875e+00
3.564391750398611391e-02 1.015564966635350341e+00
5.873363028123884666e-02 6.991587817779557623e-01
1.470856835522557637e-01 3.982771768801762202e-01
8.456527439758593223e-02 1.273156495345830086e+00
1.103130669761468452e-01 1.313837463641397640e+00
3.919529031667892682e-02 1.117321309008344699e+00
3.765085031401150389e-02 8.563953961942640802e-01
6.036589874946346468e-02 1.236354187897391599e+00
3.428283516149471105e-02 1.060987795039205039e+00
3.492588197576776410e-02 9.999101511707436662e-01
3.600718367781508694e-02 9.590377537594069191e-01
5.003624249890627207e-02 1.207590134557288142e+00
3.427485385509140836e-02 1.084555129556863617e+00
3.397453864232535814e-02 9.801689566795132036e-01
1.999810738286753320e-01 2.202878055913647937e-01
1.828435764622089454e-01 3.131111162968831518e-01
7.105953289071013923e-02 6.358484331375798826e-01
4.807191618319117676e-02 7.626455817313114727e-01
1.111399131979977639e-01 1.328093104667106950e+00
3.048099427922739899e-02 1.037259129616910691e+00
3.349335257707554414e-02 8.911468073001789225e-01
4.151056544990423813e-02 1.168944743320532220e+00
9.089548189425125657e-02 5.716137466074540097e-01
7.859327719333769613e-02 5.906592315464156417e-01
1.204628013091368771e-01 4.123449339198342889e-01
3.307657562931966971e-02 9.532944374689510392e-01
4.852372871287316536e-02 7.335916456608495562e-01
8.375613090650818604e-02 1.310975149294645314e+00
3.900465827923361301e-02 8.229672969170329644e-01
3.451065457733559078e-02 8.500358977833956109e-01
1.523309356772075129e-01 3.028781719180057008e-01
5.111029134969385240e-02 6.976522516868574053e-01
1.688589805053420378e-01 1.388355449134386355e+00
3.020955999000721898e-02 1.001928547252366020e+00
4.247899397729976156e-02 7.596528702275877620e-01
3.126682199262561385e-02 9.562669027900706498e-01
1.508183768920270396e-01 1.400046896824043152e+00
2.868244535280630239e-02 1.002090386016212031e+00
5.546961904204478211e-02 1.251552087285864978e+00
4.079841331899644596e-02 7.545559989306555027e-01
3.190020242211918933e-02 1.083711593409085072e+00
3.470578851609450871e-02 8.305219163199518695e-01
4.787642483206189931e-02 6.920737112818244885e-01
7.531254398773817860e-02 5.745216532194553638e-01
2.737133541167272727e-02 1.035164125632365817e+00
3.025378813317149140e-02 9.120397579568185753e-01
2.930174973950227038e-02 9.403310336301859973e-01
3.474414835076582858e-02 1.125267183126707593e+00
2.967597649472822341e-02 1.083815288529063281e+00
5.945563991486305794e-02 6.258535219079840450e-01
3.270616416057032377e-02 1.124542317944880354e+00
2.868214621859461327e-02 8.984806645600952324e-01
2.723613052236331655e-02 9.858103584408947073e-01
3.357758493620536383e-02 1.141215283763447941e+00
2.734856565349283453e-02 1.077296338308407986e+00
2.782021738099252350e-02 8.941214508876146327e-01
3.082994885366208832e-02 1.131576602085962779e+00
4.789149455402873234e-02 1.230863650051299718e+00
3.331322195943225983e-02 1.158255720499276054e+00
2.581439140525611589e-02 9.986852416678557720e-01
2.744843415398607461e-02 1.113352695256345726e+00
3.547001196026635522e-02 1.180884076636717905e+00
1.011713159172117349e-01 4.503633133361642504e-01
7.927487843937637557e-02 5.319383690094550143e-01
2.672401580147566735e-02 9.344174233471406188e-01
2.444308910089124792e-02 1.037163779840521327e+00
4.845784041047501711e-02 1.248726360576611238e+00
3.347543173500407837e-02 8.231994521766968775e-01
2.777363667739715311e-02 1.134834291010777596e+00
1.041952372700494928e-01 3.911125448153305317e-01
1.370657685427413008e-01 2.804276654522607770e-01
6.877903458001974335e-02 5.477642110415055221e-01
2.486097099984197617e-02 9.884027297841493365e-01
3.761089587473311763e-02 7.580425448637313490e-01
5.881126572697984584e-02 5.934219836977016049e-01
2.390824006843058486e-02 1.053343714304904921e+00
2.573828803971183257e-02 9.197116826471758433e-01
2.477598851036451680e-02 1.099546184485723721e+00
2.453715261525112046e-02 9.667371787409105854e-01
4.519220220473447319e-02 1.245699326313636224e+00
4.558988758929308910e-02 1.256594707017374635e+00
2.496512307231294608e-02 1.118298582329992241e+00
2.309808065835576921e-02 1.074649654525407838e+00
2.270094742265276952e-02 1.003494624860610696e+00
4.486269942183426090e-02 6.858770347273279722e-01
3.557990794848750471e-02 7.623084957242973747e-01
3.393987179657578790e-02 7.718931700695208509e-01
3.415100791254494644e-02 1.196053851283236824e+00
5.860346966393591844e-02 5.613854819640455851e-01
2.831332346540364059e-02 8.567845107922866799e-01
2.291696541143400587e-02 9.822300608264331601e-01
7.799891721058638261e-02 4.921435709587157481e-01
5.101568713467163202e-02 6.195466042528084971e-01
2.341063014296643208e-02 9.516868004855773000e-01
2.127536396313800884e-02 1.014725940899200429e+00
2.494303667223437757e-02 8.884687052969566512e-01
2.559761193743542718e-02 8.698892806118035947e-01
3.188814972049264229e-02 1.188374244337865981e+00
2.640856221123607725e-02 8.540652040838213610e-01
1.105806463675150647e-01 1.374946602431542653e+00
2.198065928576885264e-02 9.662009513475541267e-01
7.950711260068915598e-02 4.597230631153021441e-01
1.961570574479326867e-01 5.671508183830838851e-02
8.692859366572092128e-02 -4.291594028048521525e-01
5.817944573291639054e-02 -5.641129079537290369e-01
2.993298546883060851e-02 -8.374891010858775964e-01
5.005264843196802899e-02 -6.212729551461767530e-01
2.899503905144792601e-02 -1.144958155197614902e+00
2.610965649460041116e-02 -1.117519070774678047e+00
1.011819845439282661e-01 -1.351764460528594780e+00
2.534558796331559324e-02 -9.317551094690909030e-01
2.421917128908205458e-02 -9.823665779888807181e-01
2.825907694455500122e-02 -8.481271391355124090e-01
3.237062285559302866e-02 -7.900183083663213646e-01
2.472296410909028200e-02 -9.096584642247163011e-01
2.351964547347153850e-02 -1.006063638342346023e+00
2.345508312600251208e-02 -1.048426020507666534e+00
8.879896462992344086e-02 -3.918889121559320232e-01
3.538835248525658977e-02 -7.583063352926735501e-01
4.251816788163162442e-02 -7.016158007890799242e-01
2.322230108216494227e-02 -9.538459662507602355e-01
3.578894762242328803e-02 -7.389377522812355936e-01
4.374584312919055362e-02 -6.749124947318911882e-01
3.308628319426850511e-02 -7.476629755202683913e-01
2.775201950184084249e-02 -8.212256494833055642e-01
2.678095462354768141e-02 -8.246493715013165637e-01
4.114618244694999427e-02 -6.764391365706535764e-01
2.387891572867073542e-02 -1.079534270014309794e+00
2.421583863802325917e-02 -8.886067939082489264e-01
6.113813485844184215e-02 -5.264397380986733932e-01
4.329253988812746534e-02 -6.449691147315386175e-01
1.771186763037238265e-01 -1.413376384644589923e+00
2.339339110462938798e-02 -1.083840913669578132e+00
4.147276358697284115e-02 -6.426110190382363641e-01
7.547381008145853665e-02 4.465564804942379618e-01
1.106811411569343789e-01 3.183152065859612967e-01
1.573821820264245941e-01 2.073778206333409813e-02
1.032736393357781418e-01 2.916654653196616431e-01
2.225342208816148692e-02 1.078743588753841243e+00
2.306690286290943165e-02 8.890495636296636972e-01
8.305816879757230153e-02 3.967388343869358014e-01
4.490844290886316509e-02 6.551475770286093736e-01
2.982515959231422237e-02 8.129530783413123629e-01
2.942550915445054857e-02 8.065296746057665223e-01
2.578402288867816597e-02 8.371877646973441278e-01
4.367383140378701400e-02 6.455118093836035298e-01
3.407236197876455791e-02 7.345903246943340514e-01
3.136090861511674210e-02 1.193076021027059230e+00
3.402599224826436536e-02 1.219745767662414826e+00
3.441911323234193160e-02 7.206371660153750858e-01
2.194354209690716276e-02 9.275904781788576470e-01
2.515135682043944179e-02 8.349766744084612391e-01
2.053708522335827291e-02 9.941349005729779309e-01
6.771913998562643922e-02 4.352510592600472572e-01
3.129804989589352049e-02 7.380533913038552774e-01
7.589296811801295173e-02 1.330960238436646126e+00
2.496626576032201505e-02 1.145206174206191641e+00
2.388858813607865061e-02 1.140173584072982305e+00
2.126876744877525399e-02 9.120641649514747984e-01
4.824012688767900098e-02 5.917198820637198375e-01
2.143408643498070573e-02 1.088488376589497264e+00
1.862105552190403135e-01 1.548721575874495160e-01
1.606141738452835643e-01 1.126249849658869234e-01
8.263044159507199060e-02 3.717843734501163899e-01
1.179291994420962192e-01 -2.723066312596930105e-01
3.064358839844325694e-02 -7.537493099803558305e-01
2.427622326245981732e-02 -1.116759087801282746e+00
2.184365404617503309e-02 -1.047886228260030972e+00
2.470997539048110092e-02 -8.543885306934129176e-01
3.807133144118078627e-02 -6.597978753716678968e-01
7.021775517637927899e-02 -4.717382708554755388e-01
2.270099270558229715e-02 -9.148300082426918944e-01
3.788210024879432036e-02 -6.446026288853755615e-01
2.190763619503117987e-02 -9.917142708910539062e-01
3.461105585717066946e-02 -6.672312881066105872e-01
4.333135965932190942e-02 -1.247256898063955788e+00
2.915244005180261597e-02 -1.166708521180719993e+00
2.373804488170700583e-02 -8.573719468842505576e-01
3.067161747332668165e-02 -1.186615107799680713e+00
2.149204121343415222e-02 -1.069386830318093118e+00
2.187895344665640243e-02 -9.099097159005031799e-01
2.143987316025212919e-02 -9.024579035142351602e-01
4.042871721564762766e-02 -1.246190870733770550e+00
3.029049475250589901e-02 -7.403080800264039141e-01
4.830128994262789660e-02 -5.712820440528691979e-01
2.155423051924708344e-02 -8.802076755896107718e-01
2.981727314818598609e-02 -7.318814112040575859e-01
7.452727559734093066e-02 -4.053587227364248147e-01
2.048311094325030307e-02 -9.081192733600900180e-01
2.086855922360692298e-02 -1.063902556534269239e+00
2.045015601895466828e-02 -8.856913410395252928e-01
2.538276288942674722e-02 -8.002398593604549415e-01
4.400945676813672325e-02 -1.269101446874681516e+00
2.014245137431839097e-02 -8.800010588493137886e-01
2.026495583441323411e-02 -1.042221777457420284e+00
2.634121284218754466e-02 -1.159199414538819584e+00
1.978405498974807053e-02 -1.048651631193958655e+00
2.846922026886528068e-02 -1.187695590735525331e+00
1.927077813888719571e-02 -8.967698982033711630e-01
1.950502692642164249e-02 -9.294275523769802705e-01
2.559136133858162104e-02 -7.820185897404832165e-01
2.430390903341565073e-02 -7.931919660575242892e-01
