2.000000000000000111e-01 -1.060000000000000053e+00
1.601474805833616177e-01 -1.060000000000000053e+00
1.910901317602952953e-01 -8.932397276875387870e-01
1.941864550044229976e-01 -7.341560066670823614e-01
1.492276252990007712e-01 -9.039979989121711412e-01
1.247871814566728493e-01 -1.023050105859206971e+00
1.745880743043888572e-01 -1.185236451706525473e+00
1.316686927993309109e-01 -8.504258935302996258e-01
1.107287470120123518e-01 -8.676999362302255658e-01
1.781747793479910580e-01 -6.393327101235363186e-01
1.022102629173798488e-01 -1.011289826565811900e+00
9.120193694834106968e-02 -9.601730666234671308e-01
1.521651705055594439e-01 -1.208496227635315501e+00
1.006940444224250081e-01 -1.112931815939276703e+00
7.941885461106201749e-02 -1.033675471850178829e+00
7.275640854425891035e-02 -1.035249949377116563e+00
1.099166778306410741e-01 -1.187455992184980991e+00
1.143738232500259300e-01 -7.896388414302608627e-01
9.280917708531287447e-02 -1.175561062280119806e+00
1.244191068606502609e-01 -7.019617747584875334e-01
7.958252875060874143e-02 -8.763676307374924646e-01
6.805235326920371086e-02 -9.509403434290180090e-01
6.602336224540794607e-02 -9.052928333400522831e-01
7.993695011946333473e-02 -8.107987444349812334e-01
7.548868114261414464e-02 -8.017407126720810240e-01
5.836968951094231861e-02 -1.005281528397447222e+00
6.105855003093912242e-02 -1.081375599572435897e+00
7.030104775798445838e-02 -1.144384931677460582e+00
1.024192464532501651e-01 -1.230291555048221852e+00
5.209764725840679983e-02 -9.847117496412479687e-01
7.277149897307773341e-02 -7.872239149523571067e-01
5.410416652330462400e-02 -1.105012496029792457e+00
5.617443406171475362e-02 -1.138342138696314620e+00
1.971831291616323867e-01 -4.517797612934842388e-01
5.352016840671635495e-02 -8.663489635553794921e-01
1.344089012978230968e-01 -6.147676298350013280e-01
1.433956857689709652e-01 -1.302809304724878547e+00
7.659063242517248626e-02 -7.384224239933094847e-01
5.673922901554160486e-02 -1.165786691266163189e+00
9.458318152371705811e-02 -6.592095879659204405e-01
4.755031482829996659e-02 -9.457221148159623558e-01
1.092721102790677190e-01 -6.018168723109663665e-01
1.333292175206730323e-01 -5.197957639879036140e-01
5.761735206113027113e-02 -7.815745231762749601e-01
7.842392997581137948e-02 -1.237696904658590613e+00
7.014322022755599406e-02 -6.770568538901948763e-01
7.879716712534107215e-02 -1.251167064261107686e+00
4.485091464715667414e-02 -8.963338304201750040e-01
4.263153788822430373e-02 -9.057002034412811042e-01
1.091510579587205571e-01 -1.307668070137260274e+00
5.576056391835318427e-02 -1.221150384332153616e+00
4.110256113742785655e-02 -9.423854948315329993e-01
4.264927206986570546e-02 -1.130955350905241907e+00
3.957665104476194157e-02 -9.740561531010336616e-01
3.860724820893918913e-02 -1.052563935322037736e+00
1.307243896816856210e-01 -4.683723285628933475e-01
4.469293622823256040e-02 -8.204365594038789400e-01
3.728120810082326958e-02 -1.070182726453520194e+00
3.541976027986769998e-02 -1.029877128418699606e+00
1.917469493030745376e-01 -2.892796832902309601e-01
6.013737997695470239e-02 -6.996592558407144224e-01
1.050341260541666211e-01 -1.323911273615449247e+00
3.421375366626863701e-02 -1.055853948053731006e+00
8.785094709931851042e-02 -5.696679250317908672e-01
3.319866301721555862e-02 -1.068132999055337651e+00
4.248219042490376796e-02 -8.116742780378009003e-01
7.193707844509510119e-02 -5.998133237420967268e-01
1.197632696838732413e-01 -4.257016775044459300e-01
3.886269700730690668e-02 -1.168804521610506519e+00
6.032926283343439944e-02 -6.283111878781377779e-01
5.120231929814286764e-02 -6.754989578659034155e-01
3.221328398750005623e-02 -1.001177779635519016e+00
5.322991927372064391e-02 -1.247512587092904246e+00
3.543167390488458773e-02 -8.672929096634710566e-01
3.789676477854945352e-02 -8.169749947220654729e-01
3.086575283134861472e-02 -9.928773154617674956e-01
3.459420823158323999e-02 -8.356655749175602166e-01
3.036859464859716431e-02 -9.438216870037707817e-01
3.751898710587848323e-02 -1.186579923888257060e+00
3.968693847393993390e-02 -1.211594471533104622e+00
3.088011397383437842e-02 -1.132593702277248093e+00
2.924711268643456763e-02 -1.117034743052494727e+00
2.756365121349262093e-02 -1.088489862223583904e+00
4.214245484768776306e-02 -7.445487987677442687e-01
2.842778322427620685e-02 -9.712162315372824262e-01
8.569294027829824079e-02 -1.322418126161776675e+00
3.537106081331708313e-02 -7.952714529317884695e-01
1.357384285521455458e-01 -3.402352998071465628e-01
9.206750749455187843e-02 -4.453249534128834175e-01
1.996963127249290759e-01 -3.583983015614174844e-02
5.171663397417668867e-02 -6.301796931118257561e-01
3.137763667510701238e-02 -8.249425527302310934e-01
2.803272036609755213e-02 -8.754420302052581260e-01
1.575513824822628861e-01 -2.264379442327942860e-01
1.092740979222675685e-01 -3.175053698082544451e-01
2.695331424037739065e-02 -9.240046536420707390e-01
2.738196873463072042e-02 -8.518762194214127836e-01
2.579170050722534580e-02 -1.064274618021518792e+00
2.501809790219974503e-02 -1.060617941981965018e+00
5.235632887786176998e-02 -6.104585901552370686e-01
6.161712504313456018e-02 -1.295083811357308434e+00
2.534593379673399580e-02 -8.950071541531535724e-01
2.490089177767055087e-02 -1.091599683857539693e+00
6.622935609294540449e-02 -5.354589253576738095e-01
3.769865268490732446e-02 -7.191533218281627171e-01
2.453581196419505825e-02 -9.673477379995460979e-01
2.355985645964001410e-02 -1.075260714183613020e+00
2.283005693717859996e-02 -1.016787369285429898e+00
3.519238631107803744e-02 -7.328045360673344222e-01
2.316481605817314118e-02 -9.644674295317291479e-01
6.059356636398338658e-02 -5.386154354761011342e-01
2.301114099224586818e-02 -9.197089152307671434e-01
3.693373070267668562e-02 -6.793486273666909936e-01
3.555721764303339250e-02 -1.227993840540252846e+00
8.251558879277429148e-02 -1.337957351280661289e+00
2.191312383857011575e-02 -9.796807836670399228e-01
6.146810471890187810e-02 -1.315490799936400945e+00
2.146418532929468548e-02 -1.063903852757544843e+00
2.254315143915367262e-02 -8.871603827157306110e-01
2.294681980596389656e-02 -8.611969875126094243e-01
2.050558494387270947e-02 -9.977044526993432694e-01
5.390015492041586032e-02 -1.308293624570609825e+00
2.073176380775210159e-02 -9.167767089584649698e-01
6.756641159393304841e-02 -4.774962914188182195e-01
5.400930271701116780e-02 -5.328658496884923768e-01
2.000000000000000111e-01 8.421436220961234786e-01
1.999895372351407352e-01 1.169149850111128819e+00
1.836855474948505818e-01 9.576643333736102326e-01
1.662261723966069193e-01 1.078427527959920473e+00
1.424370130678873914e-01 8.876918781565277250e-01
1.329660937967604983e-01 9.979545311609259173e-01
1.809712654219096939e-01 7.252355338285836339e-01
1.154230344383750939e-01 8.602874570214107397e-01
1.221612168729016984e-01 1.060504874171262824e+00
1.133280272990279391e-01 1.098925119068554945e+00
9.598351068538746311e-02 9.245619290397024681e-01
1.581868856588440897e-01 6.870552929362341299e-01
1.529172397551259721e-01 1.224023596487126886e+00
9.002258574276938985e-02 1.038341226947236073e+00
8.105863020783472817e-02 1.021801302113468646e+00
7.431716986317418727e-02 1.032103700980660621e+00
8.274021956637152286e-02 8.900226700131169677e-01
6.949585868180861714e-02 1.057145148055143480e+00
1.062362916297695387e-01 1.185425372467172611e+00
1.210799164888839707e-01 7.239074064443862255e-01
1.099589035227551970e-01 7.081330595665640271e-01
1.153644708286385295e-01 1.227492414833218470e+00
1.698319670255737102e-01 5.773192856361267777e-01
6.129818913967552407e-02 1.011206901976980932e+00
1.044202866273714059e-01 6.606683149113840026e-01
6.950487669512205036e-02 9.013044975493221811e-01
1.586981640677455341e-01 5.265626768738969066e-01
6.326099449511254913e-02 9.091709736851087964e-01
8.192296387893495402e-02 7.152453187200189522e-01
5.380054791226185351e-02 9.912537347569659874e-01
5.882801405476420498e-02 1.086756456815495042e+00
7.492454659487447766e-02 7.579597892028892003e-01
6.935725131558624634e-02 1.148939628701455495e+00
1.095314078100713406e-01 1.250800822368864029e+00
5.629907415981521418e-02 9.029566772831489896e-01
5.809878220257500003e-02 8.670198875643808645e-01
4.740458063740327771e-02 1.047821958601780290e+00
4.440753937480526603e-02 1.036444971489959732e+00
5.010631204674440703e-02 1.108389231300584310e+00
8.779362857737299519e-02 1.237475218382173558e+00
4.399148039762304507e-02 9.506778557451331935e-01
3.961986649075539130e-02 9.935702434753547196e-01
4.747387234576753295e-02 8.911587610226545664e-01
1.315153385953032605e-01 5.279334376375549587e-01
1.866998555032417240e-01 3.800073870247099306e-01
8.572121299953998352e-02 1.248988454977296048e+00
6.219433001062282806e-02 7.951993158085647329e-01
1.092526451111778124e-01 5.285426479632711061e-01
8.744914248273984170e-02 5.790538785827425983e-01
4.115640307648776169e-02 9.124460843624244699e-01
7.245992685348309759e-02 6.330204465391936486e-01
4.234092655544758471e-02 1.095297480109844512e+00
3.990167236212693869e-02 9.052712521374710608e-01
5.904130536243759608e-02 7.339205785867873866e-01
4.901638521374432345e-02 8.262482824062199471e-01
1.055851584463503995e-01 1.291680475338847556e+00
5.291076564114236686e-02 1.188694215424660472e+00
7.664668934576449044e-02 1.268570203490594128e+00
3.595305062024611864e-02 9.155560752329349183e-01
3.372434497836095807e-02 1.020385230390444820e+00
5.077258420628263935e-02 7.821517674073760196e-01
4.248748030767184741e-02 8.316327612044708273e-01
3.670860435975391994e-02 8.630369238789411535e-01
5.766679960727375681e-02 6.689575309484698806e-01
6.862405682299838050e-02 1.265140613303761041e+00
4.966291213848300634e-02 7.036561176881601654e-01
3.598576348236241784e-02 1.081599798955538594e+00
4.006761688728004839e-02 1.143154873448284370e+00
3.910797183574706015e-02 8.222130611668162503e-01
6.426586041977409847e-02 6.033170937017684476e-01
3.714277718404920131e-02 8.246637675874735063e-01
1.479973295435717262e-01 3.786163324478356573e-01
5.056896347472096542e-02 -5.348430511152597600e-01
3.129679627322298763e-02 -7.432531886241707797e-01
7.492282439965415597e-02 -1.350028792048334481e+00
2.420362936736089599e-02 -1.146299022880235441e+00
6.349291722111237435e-02 -4.490552038562472537e-01
2.300690191500655638e-02 -8.362511215230498118e-01
2.840583380130277252e-02 -7.621458336752603424e-01
3.436988299189869256e-02 -6.541739510145476721e-01
8.372603894665703317e-02 -3.575446125322739310e-01
1.229457032454867316e-01 3.877306766411724448e-01
1.952003253381410786e-01 1.725163779170098832e-01
3.467650922304673505e-02 8.349640639708546530e-01
3.139669634052916214e-02 1.045519321653647804e+00
4.136583197587016120e-02 1.180934636695347706e+00
2.953071346615256110e-02 1.027953317984266590e+00
4.134854591559449649e-02 1.197151198835209707e+00
3.586997185213171291e-02 8.072878561861658309e-01
2.834082979561655322e-02 1.023101622169296565e+00
3.097313788910317084e-02 8.473293562982167071e-01
2.741949832660511496e-02 1.025708082592289294e+00
2.662905532499936986e-02 9.434788950113143224e-01
9.927984546949766842e-02 1.322347098790629838e+00
3.750245983618012008e-02 1.192683644609998650e+00
5.757730513255383820e-02 6.118560336695241242e-01
9.391818095907693287e-02 4.545192855912296714e-01
2.743942817562713965e-02 1.066777875514073770e+00
2.951248053461925230e-02 1.112549984758730348e+00
3.100608879883797950e-02 8.287523722035543550e-01
2.607759759729393056e-02 8.895593879608141297e-01
5.123963396558465361e-02 6.240086849050752171e-01
3.528528486269826014e-02 7.620687759720896626e-01
3.697727819981447978e-02 7.195952791418236405e-01
9.090487302391535296e-02 1.326085104125676484e+00
2.452971594296521340e-02 9.375989899507513048e-01
2.425262064344383545e-02 8.946714639870907426e-01
2.329570339163169676e-02 9.257050684854593037e-01
3.633533928504521088e-02 1.212831058362557890e+00
2.302920545890192738e-02 9.735207934024364684e-01
1.530274243487682040e-01 2.455159825035250210e-01
2.975876774759427315e-02 1.147204051574548522e+00
4.060416657952369696e-02 1.246660404671424027e+00
2.229512391201451948e-02 9.627264681053739892e-01
2.198593858082044383e-02 9.890333551177489246e-01
3.717899608881655715e-02 6.980076199941412929e-01
3.377162031485792665e-02 7.221472574976616210e-01
3.222185590000816585e-02 7.269477573492332256e-01
2.794537008901907399e-02 1.145063852031925844e+00
3.004768647789556046e-02 7.465867061864497334e-01
7.432891762760802934e-02 4.957390589572996942e-01
1.451321348617043983e-01 -1.752471122752819743e-01
1.121882506480753883e-01 -2.078449671941899057e-01
1.154186408911219153e-01 3.094471245376509416e-01
1.269037170215570887e-01 1.380284507063515465e+00
3.331357726618482812e-02 1.226877610679089514e+00
2.531054787618174096e-02 1.116570974602713928e+00
1.190057875095786311e-01 2.392678851504254078e-01
3.431927249682193565e-02 -6.366306216720774014e-01
2.082825243260605363e-02 -1.086358448430766455e+00
2.174589587068929963e-02 -1.118771223745802734e+00
1.942816219533769970e-02 -9.743534760940978368e-01
1.936414564335092736e-02 -9.188978664076992153e-01
2.005440826192691345e-02 -1.095535239725865084e+00
2.037975697316446108e-02 -8.571840091027335129e-01
4.193680902689347206e-02 -5.531647592212567410e-01
2.002912899205668007e-02 -8.548140165615432107e-01
4.943889745909086503e-02 -4.810027838663602506e-01
2.168410082629376387e-02 -8.193516321723982587e-01
1.997666430349050171e-02 -8.382034116295722370e-01
1.812537680350855690e-02 -9.781678962949408307e-01
2.675162278867440624e-02 -1.209856464609168292e+00
1.773694485243659802e-02 -9.997582652237204659e-01
2.102620427595484204e-02 -1.136382513498790603e+00
2.267795027360968232e-02 -7.930663002462652322e-01
1.805668229560824720e-02 -1.076794104209653380e+00
2.494580158235204514e-02 -7.579736418250380137e-01
1.596877348585410417e-01 2.317571405753786687e-02
1.120895871150671824e-01 2.019147893350600742e-01
6.141831536733816099e-02 5.258391874580550240e-01
5.166543016480980299e-02 5.574276424945556752e-01
5.376648442817815593e-02 5.290393848477369376e-01
2.500580454615894399e-02 1.126143315435668812e+00
2.819913205791554564e-02 7.634415451918378226e-01
2.624693833681958702e-02 1.171229906397403209e+00
2.101338375890073051e-02 1.005299867255224244e+00
2.174172506660617191e-02 1.076149349195081983e+00
2.211177587250715004e-02 1.101576993629436174e+00
2.081156223247981885e-02 1.078880697136789912e+00
3.105225433436054755e-02 6.943198691573433390e-01
1.959374369591333417e-02 1.017364303392321423e+00
5.646938967316608715e-02 1.306091452776795725e+00
2.064190562902629839e-02 1.097777306853586987e+00
2.031358636615967356e-02 1.101456085921709738e+00
2.163315445373042642e-02 1.141715399119386021e+00
2.655617414910006052e-02 7.673452007439622857e-01
2.859390459474532575e-02 1.229083296884938781e+00
6.400099670974528088e-02 1.327376808627237281e+00
1.992840280383620377e-02 9.349627907990595288e-01
3.283054285329257971e-02 6.607487414796824332e-01
1.883626640153576032e-02 9.759894898566134902e-01
1.804177784616461597e-02 1.005602854668445234e+00
2.187941896170181311e-02 8.516153147584329952e-01
1.758481693669900273e-02 1.046462820627770629e+00
1.960111101619221516e-02 1.126045560543406987e+00
1.845436626836383792e-02 9.348672519088367938e-01
2.365847120867962602e-02 8.013285957182036956e-01
3.126885457606428526e-02 6.621518113843083420e-01
2.034972291265940356e-02 8.567140360235726559e-01
2.422698404223860846e-02 1.210134645803828013e+00
4.805022262240014191e-02 1.307041334861565041e+00
2.883656973781095409e-02 1.253663771328573651e+00
2.316977771047119133e-02 7.827438322209941957e-01
6.471364352160241529e-02 1.342960927676334570e+00
1.685140262140423159e-02 1.004571812605968839e+00
1.792637213801130669e-02 1.109376721815274358e+00
2.159815550482081792e-02 8.086498327879585446e-01
1.682324794392242931e-02 9.685457418588795386e-01
1.671297687979245161e-02 9.531194495854976578e-01
1.623593351752318850e-02 9.666650934436475939e-01
1.020082357337726287e-01 1.395934934661453797e+00
1.564655002215429094e-02 1.036585791352233388e+00
4.316716729142700687e-02 5.640879382851063939e-01
5.849118431546075636e-02 4.835296412208909822e-01
2.374650335155258779e-02 7.337272339406898380e-01
2.401455640808431227e-02 1.237784652089849668e+00
1.709847978825529066e-02 8.963598637476076769e-01
1.559997712121783710e-02 1.058485047538419987e+00
1.779788962721828849e-02 8.657433704392401008e-01
1.637135381174577992e-02 8.987835221764420846e-01
1.206882705617073476e-01 -1.398594443435242085e-01
7.319779636197813744e-02 4.078065646815871581e-01
1.610080593320174433e-02 8.978147022693958590e-01
2.618549847769451391e-02 1.258416198006909736e+00
1.586197674561788673e-02 1.083589429765785983e+00
4.863362837182619303e-02 5.004268311758153231e-01
1.703541404831386205e-02 1.126617423103781546e+00
3.616620481219907229e-02 5.784144896557054105e-01
1.584463126109978207e-02 8.957840925674219745e-01
2.010101621520418019e-02 7.946484198913571495e-01
2.400349141370469730e-02 7.036103878263141320e-01
5.016005691841918246e-02 4.752287962617056660e-01
1.439512623717714018e-02 9.999054743813797774e-01
3.573597584340545280e-02 5.526471134445852806e-01
4.199131329209801478e-02 4.962533662021642589e-01
1.165927259963289303e-01 1.448744550031420275e-01
6.101923281314704239e-02 -4.088603551201830943e-01
1.078546482949461760e-01 -1.303537617955556893e-01
1.232785655502679351e-01 3.553307199966954794e-02
1.851230716290796705e-02 8.143008619366117751e-01
3.145445777594062936e-02 5.791180719442995395e-01
1.784620856367358580e-02 8.206145635146233630e-01
6.173783560145867932e-02 4.033019418185717075e-01
1.423021451616657967e-02 9.696795015255674777e-01
1.397951825158603480e-02 1.024848119394065726e+00
1.551691378287753213e-02 1.101222374630724588e+00
1.409371059389364148e-02 9.329778246336868364e-01
2.732174371309603611e-02 6.345978711017806750e-01
3.165284117699405930e-02 5.454062847643139644e-01
1.695070885026816673e-02 8.282272485584776245e-01
1.362770934005914231e-02 9.514602102415303797e-01
4.013089792888429458e-02 1.314485627251569699e+00
2.588190709494650119e-02 6.364188312830393324e-01
3.147356550969226258e-02 5.311640879978121177e-01
6.343606330501751212e-02 3.770856589511613621e-01
7.852599942080673578e-02 -2.748300157411081579e-01
2.182786692911864446e-02 -7.895789969876138015e-01
1.703820044055959215e-02 -1.001631657777527495e+00
2.842891150450549409e-02 -6.845483449798394071e-01
1.828434631566893537e-02 -1.098780958346305736e+00
1.647528141555691314e-02 -1.017423633008979866e+00
2.384212929279709570e-02 -1.195607720315231992e+00
3.122448791896922926e-02 -1.257473460742785987e+00
4.263966847741908900e-02 -1.303769074090569857e+00
1.662311234889504719e-02 -9.421101289790535516e-01
2.174237270353794257e-02 -1.188751562499961612e+00
1.599465851916945930e-02 -1.000116012263370990e+00
4.812634443128725736e-02 -1.322508543289826921e+00
1.709168657556251955e-02 -8.599355502118830596e-01
2.301039195022382827e-02 -7.578709941764150138e-01
1.558637017642333471e-02 -1.016499796494598984e+00
1.556095341868336118e-02 -9.729918343128060032e-01
1.555958905942615017e-02 -9.178821918918323997e-01
2.299092328480933922e-02 -7.491090373643222167e-01
2.460392266205969902e-02 -7.158075964277698100e-01
2.215787781199725706e-02 -7.443955002515353359e-01
3.805632106687670269e-02 -5.467046218535767110e-01
1.976251280381417785e-02 -1.167963475781335969e+00
1.526662014762250955e-02 -8.998422733334090484e-01
2.154347624040248502e-02 -1.205917619125555618e+00
1.493125766983623842e-02 -9.372828213500695727e-01
1.470652378071266898e-02 -1.026808770525219350e+00
4.601903089132240027e-02 -1.324510717895865497e+00
1.246896375761308157e-01 -1.424006634255340575e+00
1.440404680592681508e-02 -1.000921230457846089e+00
1.459507221887206864e-02 -9.017716218795460703e-01
2.184446692829983272e-02 -7.381388896824403467e-01
1.407561561148585640e-02 -9.836251616396830544e-01
1.566477909014604708e-02 -1.095125240366853880e+00
1.997940970099883543e-02 -1.198541280886636473e+00
1.933256436456017371e-02 -1.194780296443605172e+00
2.259756026443734966e-02 -7.172887475592650830e-01
1.444357859350912238e-02 -8.794370223977618917e-01
1.453423076685104835e-02 -1.075821115428810204e+00
2.904569682107238648e-02 -6.213691238371011893e-01
2.370056534866808728e-02 -6.812223248109841034e-01
2.019699826643490959e-02 -7.360478955832537862e-01
1.414176603370629129e-02 -1.069268379919774192e+00
1.332689957521432725e-02 -1.009629751798030384e+00
1.713846310436367704e-02 -1.162582228306925591e+00
1.599166084313786637e-02 -1.142311109850726369e+00
2.114685116915246757e-02 -1.234199368567294286e+00
1.644305610083478253e-02 -1.166893722369976016e+00
1.361960463559727490e-02 -9.172963024828935108e-01
1.864572458631847882e-02 -7.578127473226883293e-01
7.396467232839869232e-02 -2.464836073030289565e-01
3.870911635866416955e-02 -5.151588842947053548e-01
1.485365255556215375e-02 -1.130185374242506757e+00
1.345690009057788974e-02 -9.054659876496088389e-01
2.012602632228358696e-02 -7.195070598541446483e-01
1.915449299832816185e-02 -1.222313235633213369e+00
1.292265690255395283e-02 -9.697039667463802637e-01
1.286377392733261717e-02 -9.442005777597487493e-01
1.652822104825062491e-02 -7.857924995392031597e-01
1.277251958627922783e-02 -9.174172187058360350e-01
1.401846296575124176e-02 -1.116977618319707322e+00
1.458203355923932409e-01 -1.467228019314781307e+00
1.269598061017524794e-02 -9.028497631648858546e-01
1.796397141620157539e-02 -7.471221884955707715e-01
7.667204368081004251e-02 3.002416077215471768e-01
1.065071375223775318e-01 1.000989290356033359e-02
6.570483257386980358e-02 3.270993418610667613e-01
1.326903472365915937e-02 9.912567596396628655e-01
1.606789324450586323e-02 1.126423319794610522e+00
1.414277078273556455e-02 8.903273779927440845e-01
1.739961952410389034e-02 8.048600622314575626e-01
1.333827214685212419e-02 1.049530563060982802e+00
1.276460813720162006e-02 9.911996323205658488e-01
1.259608480556365963e-02 9.862819635836422849e-01
3.203727350093363985e-02 1.295202165471416311e+00
2.406444706613365681e-02 1.262555760240462233e+00
1.242374610064980039e-02 9.849424345588997376e-01
1.926131875975722885e-02 7.491345390823620498e-01
1.614044771112213561e-02 8.183644942261639743e-01
1.576543484609511589e-02 8.203979318466460002e-01
1.238485854515943702e-02 9.432650918320093503e-01
2.340843704510033735e-02 6.549449055052402047e-01
1.282667305920827394e-02 8.957725133632521430e-01
1.219759985024190287e-02 9.266457878064272569e-01
7.991742334879281540e-02 1.388857377822132699e+00
1.232667698997375744e-02 1.038216811611040180e+00
1.603323364719046185e-02 1.148261713025541031e+00
1.168456702474498544e-02 9.888658633267388698e-01
1.170963449136829156e-02 1.021472248211159783e+00
2.344314150860376395e-02 6.437376492098861869e-01
1.785641222754680291e-02 7.499273436239082269e-01
1.724391257899873103e-02 7.576743030628207975e-01
7.562280299149497231e-02 -1.889339852457759539e-01
1.219563343580919862e-02 -1.002745550163528288e+00
1.221089581929778352e-02 -9.330270247893901470e-01
2.060306541926408205e-02 -1.243041423038276694e+00
1.368009583493278586e-02 -1.118987481841577258e+00
3.097706380775511886e-02 -1.303595430997846805e+00
1.473980583160058692e-02 -1.163423344393074599e+00
1.188769907289635372e-02 -9.748666178659632919e-01
3.319165127635286677e-02 -5.527052935889081864e-01
1.201006701216483438e-02 -1.058650987735603621e+00
1.159231927738787332e-02 -9.886942587420761708e-01
1.330427132317223843e-02 -1.128511936746323219e+00
9.125787879754275467e-02 -1.421786309560830963e+00
1.158614309645517731e-02 -9.530907701211155381e-01
1.124556542446492925e-02 -1.003252092413901675e+00
5.510242503993617591e-02 -1.375043195976482169e+00
2.315186515744300372e-02 -1.279143994556744657e+00
1.335276378712484981e-02 -8.417903201717221728e-01
1.220237487572945444e-02 -1.097899019013873989e+00
1.186654434249753871e-02 -8.912732341241612621e-01
2.280735707847487970e-02 -6.558243965841851209e-01
1.138388193054951092e-02 -9.156964806263907519e-01
2.328291168253632942e-02 -6.418632251342331063e-01
3.157896457994913836e-02 -5.491742272428655758e-01
5.006617749435186143e-02 -4.215823449637038367e-01
1.695679972752838979e-02 -7.458752404755844001e-01
1.088240066597724598e-02 -9.905075055896928049e-01
1.089575448116956481e-02 -9.473403085940148571e-01
5.356449349255496678e-02 -3.903897256910035529e-01
5.907760923352600030e-02 -3.273063413332412130e-01
1.747912825803861481e-02 -7.262180675747278435e-01
1.105239372571155398e-02 -1.054669627416669586e+00
1.170742308311779889e-02 -8.718443993600836217e-01
1.301875237530443485e-02 -1.140290246392142048e+00
1.286875784650327349e-02 -8.289287775080598220e-01
2.617090572064493387e-02 -5.887713492889949940e-01
1.076947076067122366e-02 -1.051222655345141810e+00
2.086060763450926780e-02 -1.267807836807202326e+00
1.048384404448244288e-02 -9.516046123347955410e-01
1.066322836359307608e-02 -9.106698071737940881e-01
1.134748355584624425e-02 -1.092433402786943564e+00
4.470651129940678148e-02 -1.362008152097001767e+00
1.109334863338719973e-02 -8.764256624188068168e-01
1.097702971820632700e-02 -1.082637953089563121e+00
5.889505031082542530e-02 -2.656915681454545819e-01
1.817143904249477956e-02 -1.251940595154943381e+00
1.130540635262779030e-02 -8.622329534354162828e-01
2.169333674514575469e-02 -6.359447402580279407e-01
1.201126137765193280e-02 -8.354959843716264212e-01
