2.000000000000000111e-01 -1.060000000000000053e+00
1.601474805833616177e-01 -1.060000000000000053e+00
1.403715093756867649e-01 -9.610021789314691087e-01
1.202102915326021954e-01 -9.599605049851550609e-01
1.831093023186810553e-01 -6.032780196323419553e-01
9.989285840622889878e-02 -9.903386957923525635e-01
9.410961305941421828e-02 -1.079053799493533639e+00
8.170166427456897196e-02 -9.796684998897481345e-01
8.635835546897402404e-02 -8.742878303295079645e-01
7.997534957889959606e-02 -8.650136369390466484e-01
7.919782029010029312e-02 -8.301655649383077318e-01
7.609702293743945967e-02 -1.124372055031120698e+00
6.848803888882472324e-02 -1.117214960452503014e+00
5.613467385432366341e-02 -1.065208410047715493e+00
9.899091987564219430e-02 -6.998467950057640774e-01
6.274417330096031253e-02 -1.136268015781306762e+00
1.157249073511456700e-01 -5.968023587843960254e-01
7.569843141767586270e-02 -1.204947389657542445e+00
6.233617266950942926e-02 -7.837904357899604380e-01
4.903452240205365825e-02 -8.490595471702776509e-01
4.088923162646500992e-02 -1.044662581344481644e+00
6.053270352059569870e-02 -7.471212949884205035e-01
4.352365024773185986e-02 -8.398118896394467514e-01
4.695096721869763956e-02 -7.941195935269681483e-01
5.737801823483660441e-02 -7.141984035085688909e-01
7.247637943398213545e-02 -1.229989687426234157e+00
1.095265387705451898e-01 -5.028194737069093811e-01
8.787487374153357678e-02 -5.347616680283417967e-01
8.793888010930142607e-02 -1.290235712773567078e+00
5.270271627362698580e-02 -1.197350413663926139e+00
3.005019847595583049e-02 -1.028595948464504639e+00
3.013999191994257837e-02 -8.943126156992824427e-01
6.558814278302281531e-02 -1.263869344341112200e+00
2.992337643694097452e-02 -8.725443020316513421e-01
3.408128995700172165e-02 -1.131547964602931833e+00
3.609418953909928479e-02 -7.790317831085301625e-01
2.480430646471388362e-02 -9.463690484907181233e-01
3.788276280018255948e-02 -1.173680083765514581e+00
3.943564468367238840e-02 -1.191993727579986784e+00
6.212393613791344915e-02 -1.291699261178947067e+00
6.429224943128722392e-02 -1.311966438983871885e+00
2.196954862967075844e-02 -1.033910812259439149e+00
7.289100370866458123e-02 -5.486855281043615529e-01
2.547815236608173828e-02 -1.124172023171456258e+00
2.192104374206738093e-02 -1.074180569943296693e+00
2.470106348245507122e-02 -1.130800491091273230e+00
3.108003093165292996e-02 -7.794184351132686928e-01
1.293463708658507405e-01 -3.473806780287703733e-01
1.225617576412816601e-01 -3.134058036599724484e-01
7.879801719465161225e-02 -4.279947222784837302e-01
4.306061486230152585e-02 -6.271814851038463035e-01
2.068326648550192562e-02 -1.078714749390699668e+00
5.908468358391658071e-02 -1.322540524526433670e+00
1.992711360189769465e-02 -1.087376514654245119e+00
3.448118868186151459e-02 -6.929615311413352963e-01
1.792723364853062440e-01 -1.546813261885462629e-02
1.999957036752511574e-01 8.394171384370182620e-01
1.818298795127842316e-01 1.099754670797509659e+00
1.440341855406001847e-01 1.038260765019977550e+00
1.255634009395966977e-01 9.064279611824654914e-01
1.176616506275592472e-01 1.105055071287187385e+00
9.822960676407119229e-02 1.058098883178260285e+00
9.257588765317688317e-02 1.103040123206225909e+00
1.359612052372878022e-01 7.053490741313804824e-01
9.213153653591125980e-02 1.162987792307084600e+00
7.152038275116916199e-02 1.073545949717888970e+00
9.232683564510967000e-02 7.928527916713229429e-01
6.178826495475343850e-02 9.640651960995623160e-01
8.034343023878835754e-02 7.886623745470311420e-01
5.604948259293066753e-02 1.049324293590757406e+00
6.390255589550611348e-02 8.306176908270086479e-01
8.307877550103562325e-02 7.183388321110795172e-01
1.241710566855671188e-01 5.625084356402428876e-01
4.595349788068692903e-02 9.271494362022030256e-01
6.916247788354300263e-02 1.182039354048146862e+00
4.461351234616800499e-02 1.053994057519766825e+00
8.635413267957288419e-02 1.265979495557961965e+00
3.965043519640421010e-02 1.043562585097964845e+00
3.686659697393705054e-02 9.699429872649566464e-01
3.641925854915234462e-02 1.041417835252733903e+00
4.213378556921007489e-02 1.126043847656304386e+00
5.656485727338107783e-02 7.450290807554884598e-01
4.077079426871167006e-02 8.279496258661602770e-01
1.086906438676054631e-01 5.351211289956271377e-01
1.435783673302369889e-01 3.741332769818732085e-01
5.071944881745928113e-02 7.137144860225006493e-01
3.105727474417043291e-02 8.975069988126184173e-01
3.166634836681470055e-02 8.634208426385655555e-01
6.318928934799496189e-02 6.153755507297721250e-01
5.024703105525885061e-02 1.196104680029077105e+00
5.036480450612190046e-02 1.208663392841190065e+00
4.464362287396059920e-02 1.194663042975597778e+00
9.194679036907105196e-02 4.713407334439639884e-01
2.523765323167745378e-02 9.498730548684388708e-01
2.602392801501105662e-02 1.051505189094547932e+00
2.980739846821590933e-02 1.116343914453851616e+00
8.336742530314859845e-02 4.690382936340780073e-01
5.474092831054582636e-02 5.842502696442537502e-01
4.339688996383012781e-02 6.446906724608141293e-01
2.801801243851228043e-02 7.998074501944172354e-01
3.109505281190981865e-02 1.140564187202809165e+00
2.410075940833226668e-02 1.070855016966634432e+00
5.651140913821579848e-02 1.272623735456171801e+00
2.440315142304001761e-02 8.381006697026223140e-01
2.170939799857357980e-02 8.878834206559522713e-01
4.008745740485393505e-02 6.365306093357158135e-01
9.581285801867586716e-02 3.540799251697904215e-01
2.077498866522882806e-02 8.854191802715655202e-01
6.289683480945262861e-02 1.305045686850836884e+00
1.105714507329784574e-01 2.553477153603970762e-01
1.936929458440637963e-02 1.029804141081353652e+00
1.844305664735617495e-02 9.953573077765476285e-01
3.756089866619699569e-02 1.227777237666333399e+00
1.875696697034667793e-02 1.054783834319636959e+00
3.308504549633332903e-02 6.604948648010929846e-01
4.821371045369407526e-02 1.281969532412173818e+00
3.147808173796345227e-02 1.214892546111715044e+00
3.848480886839581588e-02 1.257920474925559029e+00
2.199637747911454069e-02 7.980699518966687389e-01
3.009682039451785918e-02 1.221496834520116037e+00
2.317650446075780746e-02 7.669636858635215937e-01
9.698831147125258623e-02 2.561858158377094963e-01
8.149803468707580989e-02 -3.565426880405050403e-01
9.058811309696665481e-02 -2.764735469493602160e-01
1.030623086683801204e-01 -1.620734035268514561e-01
2.667079922682623339e-02 -1.183846673568043961e+00
1.820231043560008657e-02 -9.435154644160116399e-01
2.028249735563292938e-02 -8.731531448670473150e-01
1.991497397437323041e-02 -1.118811205616638160e+00
2.643673658890159997e-02 -7.567248130447136178e-01
1.639401129815344291e-02 -1.030432680687425551e+00
2.655544324802881079e-02 -7.412945215682743560e-01
1.649524621880694292e-02 -1.060056009417721379e+00
2.624997537827546482e-02 -1.201539210918949996e+00
3.035577080768751823e-02 -6.766922604934278995e-01
2.744356433347584778e-02 -7.027094024663811389e-01
1.703940330870894193e-02 -1.099780627370219088e+00
1.629871540135243921e-02 -8.988558467516328809e-01
2.100632091173047777e-02 -1.166164527045925769e+00
3.324998982086845717e-02 -6.123117743339017149e-01
7.597365907477902913e-02 -2.568293200620470063e-01
8.996507613215765087e-02 2.286493230993308368e-01
3.276027742917733687e-02 -5.957571129701235702e-01
2.496258045848177495e-02 -1.206849946900098614e+00
2.717290917758897334e-02 -1.227689542891600594e+00
1.819994649441951384e-02 -1.151155387845010702e+00
2.323046039126042822e-02 -7.205666129277934484e-01
2.229841624947117781e-02 -7.265381246803268578e-01
2.870649955785158081e-02 -1.246120835672827054e+00
3.187573386548705340e-02 -5.753773081474973239e-01
1.356881662470527106e-02 -1.066639831799556681e+00
1.271655081848122038e-02 -1.000279782161239250e+00
2.523953747611081336e-02 -1.232489692606573373e+00
1.493292057912899012e-02 -8.642880843922206013e-01
1.866811716008366998e-02 -7.661483705836474867e-01
1.207076841919522796e-02 -1.004409962588485916e+00
1.194572014227348114e-02 -1.018739397964018245e+00
3.046153619448420738e-02 -1.270762536073653415e+00
1.814452482354018958e-02 -7.637884758803963337e-01
2.119794479477720567e-02 -6.984819076052786180e-01
3.712839178875314283e-02 -1.306764414357062032e+00
1.612400367504246770e-02 -1.169406429510943424e+00
3.561223484688335467e-02 -1.308843373794254861e+00
1.098356247664345094e-02 -9.983515708915992048e-01
1.663692734559735903e-02 -7.763183112524325580e-01
2.241171844504509514e-02 -6.621491441677487266e-01
1.148224521107279149e-02 -9.234501012729617875e-01
8.971107111890451458e-02 -1.128468670862329548e-01
1.496518221530946519e-02 -7.976731016301124022e-01
1.676446240892918646e-02 -7.489711914143425409e-01
1.717391939234009027e-02 -7.334705532660964478e-01
1.265938155719829872e-02 -1.127278538045320522e+00
1.417334912455242915e-02 -7.968617157240733828e-01
3.329941187315804685e-02 -5.013740295173034767e-01
5.290987611504591182e-02 4.327177505766973131e-01
2.275306862972581098e-02 1.171413543060233931e+00
1.577284667844218446e-02 1.052689929208156627e+00
1.719903474797924992e-02 8.726567541128105177e-01
4.150897895000156546e-02 5.108696755423528524e-01
1.478460062024019445e-02 1.017357011767122899e+00
1.458732727080558692e-02 9.665373142877595747e-01
3.863073320040782965e-02 1.279749733375163068e+00
9.100229028844965262e-02 7.630061406121749212e-02
7.409099453195784613e-02 1.907656267307884512e-01
1.819263130192804237e-02 8.191766334183396836e-01
1.406466492812535711e-02 1.035658747591580608e+00
2.204912895377678789e-02 7.324899913576429222e-01
1.865647256269777760e-02 1.154402083799359602e+00
1.884452328397913379e-02 7.823135313386974099e-01
1.547906835164753782e-02 1.109378814196163798e+00
2.069413837426116454e-02 1.185893434903282806e+00
2.243956812184509306e-02 7.071850787736256860e-01
2.418079096131811601e-02 6.708912610238060292e-01
2.162134326452075025e-02 1.199349972923315244e+00
4.055932036584655731e-02 1.306655071665461021e+00
2.530664188363731040e-02 6.442371608474449785e-01
1.591877507318196702e-02 8.102453664718555215e-01
1.671323101565895183e-02 7.829027933973415898e-01
1.192164703339313597e-02 9.704721405146017332e-01
5.592362135413389557e-02 3.027880361490404848e-01
5.093582131403426305e-02 3.186766096945802262e-01
6.727935695185666143e-02 1.339320980436733421e-01
2.783462294245576951e-02 5.698538531675350072e-01
1.461374421940654644e-02 8.190448217430247313e-01
3.037905842081020658e-02 1.270018287713522209e+00
1.403372032617559821e-02 8.289957774149724345e-01
2.664266216443064370e-02 5.692732369075429455e-01
5.288249991344249473e-02 2.284126565131437969e-01
3.067160476989513537e-02 4.866354230979680895e-01
1.196919244973529591e-02 9.007134981352298286e-01
2.679229294265551842e-02 1.256167744320426660e+00
1.159346779102003039e-02 1.064459396828860704e+00
1.281438384893032051e-02 8.448675241281577986e-01
1.682980726065629734e-02 1.181542480169146980e+00
3.316228214765622184e-02 1.297262268953555786e+00
1.164947108863453006e-02 8.839217756493180644e-01
1.895990353279228269e-02 1.214524860524579752e+00
2.909118539876086318e-02 1.286415468548217644e+00
1.035960249357475126e-02 9.502304869757690620e-01
1.733154897484567164e-02 7.015188805901425573e-01
1.124755180345217778e-02 1.103183935168567720e+00
1.724810313339350878e-02 1.209686503028665205e+00
1.456155060670553947e-02 7.598171087080429764e-01
2.181395227672051906e-02 1.252295541958822422e+00
3.222407534720687222e-02 1.313492029595993982e+00
1.543850384936994863e-02 1.203081159963107494e+00
3.626700635182409510e-02 1.337230735625617450e+00
2.620626204664016842e-02 5.288030744983797105e-01
2.144991899165607854e-02 5.974525419484052469e-01
6.402074828411383201e-02 -1.956749267311007345e-01
1.290078763062368905e-02 -1.137639144774086120e+00
3.522307536275931517e-02 -1.317117184610183234e+00
1.356144019308059591e-02 -1.160580412254204274e+00
1.114586536448865239e-02 -8.851165632958797325e-01
1.723377181230675848e-02 -7.071095483229982159e-01
5.676110692630951388e-02 -2.298488028822330276e-01
1.305118874961425958e-02 -8.033690947678561178e-01
2.380664368960819233e-02 -5.829637279673244299e-01
2.348507880477491289e-02 -5.785418487947124877e-01
1.084880147990279278e-02 -8.697064465670003575e-01
5.145807801854117985e-02 -2.439534381257121298e-01
1.223728557600427952e-02 -8.072658074429749364e-01
1.868440146475908170e-02 -6.406097361509163202e-01
1.535532982860501709e-02 -1.193157874617728709e+00
2.176611758684438014e-02 -1.255596766879409687e+00
2.241780560517246321e-02 -1.263899795090710709e+00
8.938416125479011973e-03 -9.857724747463078030e-01
1.153210470123138855e-02 -1.145412815927409289e+00
1.354296668377084900e-02 -7.488282440115567873e-01
1.029410401159041796e-02 -1.117279350417384132e+00
2.314754919690961005e-02 -1.275956096808616103e+00
9.545045886035902899e-03 -1.100968165254171849e+00
8.846441052321761533e-03 -9.374763260017571209e-01
2.056765031964117793e-02 -1.263669695746427513e+00
8.666868609684843724e-03 -9.409803786547684679e-01
1.209964415337390180e-02 -1.176870525929150757e+00
2.101200826720807727e-02 -1.272394106719050955e+00
1.964856518897148061e-02 -1.265948832548919212e+00
1.619750870807115661e-02 -1.239624455646213486e+00
8.339298434763419907e-03 -1.083649234563818231e+00
2.448609803863383005e-02 -1.303720999749079290e+00
1.420592371465668503e-02 -1.226408528784677765e+00
7.681417123573380974e-03 -1.038245283681206388e+00
2.023830750521100202e-02 -5.981200020317003485e-01
1.948725815996114538e-02 -1.278173045803773666e+00
7.529838076773803963e-03 -1.008074051312667807e+00
8.196126185798369504e-03 -9.280077981208875171e-01
8.471806310598784667e-03 -9.060547399915576117e-01
7.383686720564160838e-03 -9.968491051328288721e-01
1.850913947513073074e-02 -6.173262683312187304e-01
3.505648374565172032e-02 -3.911897556718220703e-01
2.725345350444618661e-02 -4.716560972204458246e-01
1.230847850055938331e-02 -7.404520487910325466e-01
7.221152022293496689e-03 -1.004348294204554737e+00
1.036525452329600805e-02 -7.991810494851186997e-01
8.679996082923097794e-03 -8.678765363648898168e-01
4.242702992561178665e-02 -2.806785574206206446e-01
1.111883305524121422e-02 -7.637133263140157835e-01
1.062606630018118892e-02 -7.762248751921144718e-01
7.904213678042356847e-03 -8.981470366458195187e-01
7.587707412624768513e-03 -9.158261764465295274e-01
1.675840829202928164e-02 -6.090083795518900223e-01
7.092941641830875082e-03 -1.064140478211771823e+00
2.035506280315204850e-02 -1.290457498120626934e+00
7.501531266124606377e-03 -1.103910187743235571e+00
8.693911381000823252e-03 -8.376902316149574812e-01
1.875792056145761388e-02 -5.642245238313705613e-01
7.842393047463836267e-03 -8.760234878561875549e-01
3.471778592345494546e-02 -1.364215083487752667e+00
1.488027408394313258e-02 -1.255369281871204334e+00
4.426535728082964249e-02 -2.336836069324343124e-01
1.025997539538440681e-02 -7.607463988948167666e-01
6.475112171109989774e-03 -9.958377192827390090e-01
8.246821422419312736e-03 -1.150813272950854449e+00
8.661112117503623475e-03 -8.194084200553866104e-01
5.057722292995407015e-02 1.906013739558234665e-01
1.484083532955379758e-02 7.305231245868276657e-01
1.024632941711541186e-02 8.918786662335640436e-01
1.033027236026131529e-02 8.808465885496220560e-01
1.687547520020595687e-02 6.686404599259455628e-01
1.704988247945442292e-02 6.576935689403627938e-01
1.022984315846744985e-02 8.680101535140662961e-01
2.229945263171272118e-02 1.273911344360247000e+00
9.871474432756981165e-03 1.111203791563770915e+00
8.605259039623358933e-03 1.008595252213233984e+00
3.281557468180858889e-02 1.333780457904245376e+00
4.053067773924352163e-02 1.367926405960179892e+00
1.451976980723700128e-02 7.066103410231816540e-01
1.106898568934701170e-02 8.096298572502566016e-01
1.350162798246917761e-02 1.208909572025332002e+00
1.206142021537423559e-02 1.189240005738181782e+00
2.396926495423983700e-02 1.304613057231535755e+00
1.234030088910616565e-02 7.576345166833579059e-01
9.102467536835490494e-03 1.122737869522596466e+00
3.549441999292630295e-02 1.362889992583472321e+00
8.046313009252448883e-03 9.708035171108827521e-01
7.840983494129342632e-03 1.051004334100723581e+00
2.729680818179838764e-02 1.333264659955219367e+00
1.936819432656972442e-02 1.289498807173368844e+00
2.595504576987447964e-02 4.798626596818627577e-01
7.852686580501401503e-03 9.652493262610490898e-01
1.010357046864009123e-02 8.222639042817724286e-01
3.333869207962910503e-02 3.607778911737542504e-01
7.935633081542926154e-03 1.099562468502772061e+00
7.763226756048705220e-03 9.538707398767665158e-01
7.646426099408954596e-03 9.592421992226271010e-01
7.921992443967740272e-03 9.275373895306215921e-01
4.478477867839503190e-02 2.040109709342674549e-01
1.684196486164854512e-02 6.159109201655580401e-01
8.253508418656740897e-03 8.948016823306713663e-01
7.587976339027836803e-03 1.094088287665485160e+00
8.909445615651004347e-03 8.503410423341277724e-01
7.749350383216752070e-03 9.170761560101461374e-01
8.982663304126493192e-03 8.386664225969666653e-01
1.326073187888015571e-02 1.238992415137939895e+00
7.125223317437173742e-03 9.618074265913145737e-01
7.978472064450957066e-03 8.849596012423884828e-01
1.144161901983547017e-02 1.216985290874110781e+00
1.706126159808350404e-02 5.970138649034293366e-01
8.576330467879587569e-03 1.158121435734729143e+00
9.510924413063176139e-03 7.983005789914591199e-01
8.647959619524182157e-03 8.328858304267059420e-01
8.653520469957213385e-03 8.285400182825045645e-01
2.604528325060650670e-02 4.263094597681896802e-01
4.840695303060724153e-02 1.251229224270333229e-01
3.666299345679110283e-02 -2.914274280749473700e-01
1.907027851688433695e-02 -5.364876322747003101e-01
6.708699100268816946e-03 -1.083761178240251422e+00
1.864728725218521566e-02 -1.291728909380298607e+00
1.035637942304812840e-02 -1.205925708717504152e+00
7.706346583465251143e-03 -1.145114922520988010e+00
1.419903041090044352e-02 -1.259190349364812889e+00
8.875281821435437521e-03 -1.183139195004539568e+00
8.467468503472724145e-03 -1.175350068064809905e+00
8.710128324759354099e-03 -1.183236981802222809e+00
1.034821003843899336e-02 -1.216842777685044119e+00
5.945826461111781980e-03 -1.003119993135326959e+00
6.058112275627379473e-03 -1.075073535341503739e+00
8.655874166428139532e-03 -8.033154507393582833e-01
8.258726040828034617e-03 -8.174594418295746401e-01
1.870877793710523304e-02 -5.329097055264209182e-01
6.044611374333689995e-03 -9.580547594140498280e-01
1.405838638331569426e-02 -6.212023036535050391e-01
7.878474506392332474e-03 -8.236078153936616797e-01
5.715871410951221809e-03 -9.999085930781690390e-01
1.214104221379454750e-02 -6.628065271922998214e-01
7.442513194792773484e-03 -8.374758304894277527e-01
3.474726633388130342e-02 -2.850803851126628707e-01
8.825554073500123733e-03 -1.194714063029723050e+00
6.364624221679446650e-03 -1.118509925401279803e+00
1.198677074590302066e-02 -1.247039194040063359e+00
2.766649414533937923e-02 -1.356598114639416153e+00
3.204244367823589484e-02 -1.378278520132430129e+00
1.009891857175049430e-02 -1.231172539810061251e+00
6.804441219590788743e-03 -8.664160073772896320e-01
1.549225592244359885e-02 -1.293752625809379442e+00
4.164691356675796763e-02 -1.418068587971845318e+00
1.036532535759850278e-02 -7.059756193016016868e-01
4.417506682261596040e-02 -1.502182482268666353e-01
7.499240118526213049e-03 -8.196125146408352879e-01
1.068033964199413544e-02 -6.889601172717337851e-01
1.278344235174537838e-02 -6.250202777751143746e-01
5.686805867839488278e-03 -9.347187826262074450e-01
1.742114726878347605e-02 -1.316319066542129601e+00
2.469534406255482692e-02 -1.361788657080489351e+00
2.154556658875470335e-02 -1.348491643444407639e+00
1.168411183435277834e-02 -1.272248359992335320e+00
7.173154155047355325e-03 -8.231478629787476464e-01
1.663993997290427393e-02 -5.331014138195543373e-01
1.141891650839168236e-02 -6.498078157576508973e-01
1.621064937054019980e-02 -5.321118260866821714e-01
7.127957643882985861e-03 -8.136640740881606604e-01
1.429217025258288677e-02 -5.658003275986824843e-01
5.868814779111419452e-03 -8.938842955388407452e-01
2.818387715369219046e-02 -1.385459060907253237e+00
1.368925318489443155e-02 -1.299739978734551826e+00
7.068694801975185411e-03 -8.078198994064823557e-01
8.552720573229059473e-03 -7.310107554146644260e-01
8.937694351766197268e-03 -1.240444759702270972e+00
6.043317782830867277e-03 -8.676188216292120003e-01
4.789784750558662152e-03 -1.037385506423023740e+00
1.992308878639784814e-02 -1.350324681053184372e+00
5.116577438390635182e-03 -9.477143886827896768e-01
1.430026177461415221e-02 -5.558087021237866354e-01
7.597298763962298529e-03 -7.638431022171614515e-01
4.896599476602607817e-03 -9.698727182361123189e-01
3.670748883260881168e-02 -2.113655840832316668e-01
4.723402412175468218e-02 4.928697018634503602e-02
4.179570764209877137e-02 -1.005724688174671755e-01
3.962040477754327772e-02 -1.057864386043126520e-01
1.685824524032016394e-02 5.796784743793871320e-01
8.078238292086837094e-03 8.495984907342322145e-01
1.563758530271804406e-02 5.985317449679364854e-01
8.680487490238147572e-03 8.096422126370668160e-01
9.925640203028095535e-03 7.520020722241839151e-01
9.910536805765965407e-03 7.483956165407310568e-01
1.539249270531129268e-02 5.904035669117915219e-01
7.234367727482206648e-03 8.802082269588230590e-01
1.083746553740523935e-02 1.213158668154284303e+00
7.561488778524486087e-03 8.509212544037173531e-01
6.296271300192710085e-03 9.789496580269915205e-01
6.457725049230745445e-03 9.403484417683466434e-01
1.942493921400773385e-02 1.303971198268213838e+00
9.960365775696582158e-03 7.294688675416132195e-01
3.075159417340610560e-02 1.366311298147772524e+00
7.085404784767774210e-03 8.672698201143143049e-01
8.070766714099637112e-03 1.165806220789655567e+00
7.530012900382354601e-03 8.326898275704589514e-01
8.613572834248425444e-03 7.734542143477810550e-01
1.302446001712423244e-02 6.287086533273830158e-01
7.301666284233810159e-03 1.142773418693685761e+00
5.888015483500622267e-03 1.032519833066262160e+00
7.507137271601603719e-03 8.194984825850409882e-01
7.510215068719944438e-03 8.156917578466916785e-01
2.059690129751961737e-02 4.679488272673790195e-01
8.402875604076041546e-03 1.181646191766543286e+00
9.557862389588563101e-03 1.208889819125927190e+00
5.688830735376485155e-03 1.021756147210229448e+00
5.804608968896497918e-03 9.541952448499027017e-01
6.476258804695627334e-03 8.737665404895162968e-01
2.636343107426895871e-02 3.587534317530917116e-01
5.689061985381837355e-03 1.051594685172072774e+00
1.850199976771065360e-02 1.310264236285486383e+00
2.254202802486841156e-02 1.338102728188671042e+00
6.195389171455390614e-03 1.116511745061437244e+00
3.187761774645279239e-02 1.384748683632508470e+00
7.510593515641636464e-03 1.178447383814454241e+00
1.100840514587207893e-02 1.249835453032025923e+00
5.380164113491313349e-03 9.913291455499824156e-01
6.677419389668687484e-03 8.449740288741242056e-01
1.486048121874470121e-02 1.294963806545954110e+00
6.440642578452596481e-03 1.149329139339589467e+00
6.104672220892283854e-03 1.134981818417371224e+00
5.192546593484416266e-03 1.036780064876976715e+00
8.955738854216950193e-03 1.224050091141317020e+00
2.160428983143188389e-02 1.347292487227920388e+00
1.019946627455630729e-02 1.250155038495720294e+00
2.451293596436720720e-02 3.775374611458570118e-01
1.415475431905639618e-02 1.298198685666861918e+00
1.512322920177362057e-02 1.308893593001742017e+00
1.499359383732805709e-02 1.309949920236523457e+00
1.192712424669965104e-02 6.307127402419023809e-01
5.003334591399523010e-03 1.001867597067577886e+00
7.470769106984871850e-03 1.207058374058789463e+00
5.137221888095721938e-03 1.097613899586818764e+00
9.238188626716582752e-03 1.246205396580704061e+00
4.850101905336634545e-03 1.049697552527062649e+00
4.842465738330502430e-03 1.013664900254892975e+00
7.343045198592874218e-03 7.884316973004418250e-01
1.884785470653690953e-02 -4.489165492604983432e-01
5.902728465935440719e-03 -8.617302579114013428e-01
5.206840151365636077e-03 -1.127478951092077075e+00
9.667875876479110897e-03 -6.664201139337430080e-01
5.915046453122789483e-03 -8.536506588199478385e-01
4.627316885916788955e-03 -1.005407100912605989e+00
1.056048534361259117e-02 -6.313515005075850395e-01
1.155055202670856977e-02 -1.285029266932850911e+00
8.531238144933889558e-03 -7.004263446350917910e-01
1.341601751066005127e-02 -5.479416039840636632e-01
4.896047593110656668e-03 -9.386129071944413482e-01
5.589834068912074086e-03 -8.639347857398196329e-01
4.858913817129119871e-03 -9.362440633858513106e-01
4.995982603578928531e-03 -9.160341806345763116e-01
1.199765258913395097e-02 -5.769790961002411178e-01
6.484598998302772317e-03 -7.887817128636439579e-01
1.188334790434041922e-02 -5.745206096355017777e-01
4.412635665036730367e-03 -1.035735887274906730e+00
7.337233723525658953e-03 -7.328461563480633822e-01
4.770013552873584618e-03 -9.279997352272697508e-01
4.499752508864059489e-03 -1.078927453014868920e+00
2.400796604581225541e-02 -3.291860586875208217e-01
6.631079132948598971e-03 -7.662267879168666029e-01
4.837255886830465340e-03 -9.102612799415622513e-01
6.756064678773614565e-03 -7.542582397061442512e-01
2.605648628269418773e-02 -2.825628493266278962e-01
1.982195895204487066e-02 -3.832454975906011696e-01
1.614279240405115667e-02 -4.503807363428130595e-01
5.128964500475272949e-03 -8.704642473713922746e-01
6.217993132615918898e-03 -1.189940350982653605e+00
1.566655639432266642e-02 -1.327842663800466561e+00
1.742166641925141021e-02 -1.342764530583675509e+00
